"TOA5","CR5000_2","CR5000","2447","CR5000.Std.07","CPU:Parcela3_final.CR5","8647","Table1"
"TIMESTAMP","RECORD","SlrFD_W_Avg","Rain_mm_Tot","Strikes_Tot","Dist_km_Avg","WS_ms_Avg","WindDir","MaxWS_ms_Avg","AirT_C_Avg","VP_mbar_Avg","BP_mbar_Avg","ETos","Rso","RH","RHT_C","TiltNS_deg_Avg","TiltWE_deg_Avg","SlrTF_MJ_Tot","CVMeta","Invalid_Wind","TT_C_Avg","SBT_C_Avg","SHF_Avg","NR_Wm2_Avg","CNR_Wm2_Avg","Temp_TC1_C_Avg","Temp_TC2_C_Avg","SWC_5CM_Avg","SWC_40CM_Avg"
"TS","RN","W/m^2","mm","count","kilometers","m/s","degrees","m/s","Deg C","mbar","mbar","Deg C","Deg C","%","Deg C","degrees","degrees","MJ/m^2","","","Deg C","Deg C","W/m^2","W/meter^2","W/m^2","Deg C","Deg C","m3/m3","m3/m3"
"","","Avg","Tot","Tot","Avg","Avg","Smp","Avg","Avg","Avg","Avg","ETsz","RSo","Smp","Smp","Avg","Avg","Tot","Smp","Smp","Avg","Avg","Avg","Avg","Avg","Avg","Avg","Avg","Avg"
"2025-11-05 09:00:00",1629,392.8,0,0,0,0.567,294.4,1.4,16.73,11.48333,1017.581,0.246,2.733,57.1,22.1,-0.383,2.1,1.4142,"013CAMPBELLCLIM50535VUE-500004413",0,18.81,17.54,-6.19,649.7,649.7,16.54,16.54,0.28,0.493
"2025-11-05 10:00:00",1630,558.7,0,0,0,0.54,319.2,1.785,19.33,11.88333,1017.398,0.364,3.269,49.1,24.6,-0.167,2.217,2.0112,"013CAMPBELLCLIM50535VUE-500004413",0,23.17,21.39,-6.106,660.3,660.3,20.83,20.83,0.279,0.493
"2025-11-05 11:00:00",1631,693,0,0,0,0.535,174.6,1.675,21.77,12.23333,1017.314,0.469,3.602,44.9,26.7,-0.15,2.233,2.4948,"013CAMPBELLCLIM50535VUE-500004413",0,27.32,24.89,-5.391,673.3,673.3,24.82,24.82,0.278,0.493
"2025-11-05 12:00:00",1632,784.8,0,0,0,0.68,155.7,2.208,23.53,12.25,1017.231,0.545,3.706,40.3,27.4,-0.183,2.267,2.8254,"013CAMPBELLCLIM50535VUE-500004413",0,31.27,27.12,-4.107,687.8,687.8,27.89,27.89,0.276,0.493
"2025-11-05 13:00:00",1633,825,0,0,0,0.757,178,2.63,24.83,11.76667,1016.848,0.581,3.58,35.8,28.6,-0.15,2.267,2.9694,"013CAMPBELLCLIM50535VUE-500004413",0,34.38,28.72,-2.201,700.6,700.6,29.55,29.55,0.275,0.493
"2025-11-05 14:00:00",1634,796.8,0,0,0,0.732,178.3,2.612,26.35,11.35,1016.281,0.566,3.224,31.9,30,-0.05,2.183,2.8686,"013CAMPBELLCLIM50535VUE-500004413",0,37.15,30.33,0.298,706.7,706.7,31.11,31.11,0.275,0.493
"2025-11-05 15:00:00",1635,711.5,0,0,0,0.818,165.1,2.793,27.03,11.23333,1015.831,0.502,2.662,31.5,30.6,0.033,2.217,2.5614,"013CAMPBELLCLIM50535VUE-500004413",0,37.21,30.79,3.463,715,715,32.51,32.51,0.274,0.493
"2025-11-05 16:00:00",1636,579,0,0,0,0.873,111.8,3.522,26.8,11.65,1015.564,0.4,1.94,34.6,29.9,-0.067,2.183,2.0844,"013CAMPBELLCLIM50535VUE-500004413",0,34.83,29.57,6.532,723.6,723.6,32.8,32.79,0.274,0.493
"2025-11-05 17:00:00",1637,410.7,0,0,0,0.843,159.5,3.272,25.88,12.05,1015.498,0.269,1.135,37.6,28.7,-0.167,2.117,1.4784,"013CAMPBELLCLIM50535VUE-500004413",0,31.78,28,8.25,733.9,733.9,31.86,31.86,0.274,0.493
"2025-11-05 18:00:00",1638,245.2,0,0,0,0.757,158.2,2.965,24.63,12.41667,1015.598,0.14,0.358,42.3,26.5,0.017,2.2,0.8826,"013CAMPBELLCLIM50535VUE-500004413",0,26.94,25.94,8.52,723.6,723.6,29.99,29.99,0.273,0.493
"2025-11-05 19:00:00",1639,44.83,0,0,0,0.63,143.9,2.175,22.03,12.08333,1015.831,0.005,0,48.4,21.5,-0.183,2.183,0.1614,"013CAMPBELLCLIM50535VUE-500004413",0,20.75,22.14,7.964,727,727,26.19,26.19,0.273,0.493
"2025-11-05 20:00:00",1640,2.333,0,0,0,0.603,136.8,2.077,19.17,11.65,1016.114,-0.013,0,55.3,18.4,-0.267,2.217,0.008400001,"013CAMPBELLCLIM50535VUE-500004413",0,17.35,18.6,6.957,712.6,712.6,21.85,21.85,0.272,0.492
"2025-11-05 21:00:00",1641,0,0,0,0,0.532,101.3,1.847,17.42,11.68333,1016.398,-0.017,0,61.6,16.6,-0.317,2.233,0,"013CAMPBELLCLIM50535VUE-500004413",0,15.86,16.77,5.673,720.9,720.9,18.8,18.8,0.271,0.492
"2025-11-05 22:00:00",1642,0,0,0,0,0.537,138.3,2.143,15.35,11.45,1016.614,-0.018,0,68.9,14.6,-0.333,2.3,0,"013CAMPBELLCLIM50535VUE-500004413",0,13.7,14.73,4.274,705.9,705.9,16.43,16.43,0.271,0.492
"2025-11-05 23:00:00",1643,0,0,0,0,0.467,138.4,1.703,13.53,11.15,1016.498,-0.021,0,73.9,12.9,-0.35,2.25,0,"013CAMPBELLCLIM50535VUE-500004413",0,12.14,12.91,2.898,705.1,705.1,14.32,14.32,0.271,0.492
"2025-11-06 00:00:00",1644,0,0,0,0,0.408,140,1.673,12.38,11.1,1016.498,-0.022,0,79.1,11.8,-0.4,2.3,0,"013CAMPBELLCLIM50535VUE-500004413",0,11.12,11.73,1.572,743.6,743.6,12.67,12.67,0.27,0.492
"2025-11-06 01:00:00",1645,0,0,0,0,0.39,147,1.497,11.63,11.1,1016.248,-0.023,0,83.3,11,-0.45,2.267,0,"013CAMPBELLCLIM50535VUE-500004413",0,10.41,10.85,0.33,746.4,746.4,11.41,11.42,0.269,0.492
"2025-11-06 02:00:00",1646,0,0,0,0,0.178,168.9,0.872,10.52,10.91667,1015.931,-0.026,0,87.1,9.8,-0.4,2.25,0,"013CAMPBELLCLIM50535VUE-500004413",0,9.08,9.43,-0.81,755.8,755.8,10.22,10.22,0.268,0.492
"2025-11-06 03:00:00",1647,0,0,0,0,0.28,163.9,1.058,10.12,11.08333,1015.814,-0.025,0,90.9,9.5,-0.317,2.25,0,"013CAMPBELLCLIM50535VUE-500004413",0,9.09,9.29,-1.86,771,771,9.39,9.39,0.267,0.492
"2025-11-06 04:00:00",1648,0,0,0,0,0.267,214.5,0.938,10.05,11.33333,1015.614,-0.025,0,92.8,10,-0.4,2.267,0,"013CAMPBELLCLIM50535VUE-500004413",0,9.95,9.51,-2.809,802,802,9.12,9.12,0.267,0.492
"2025-11-06 05:00:00",1649,0,0,0,0,0.217,161.1,0.825,10.97,11.7,1015.664,-0.026,0,87.7,11.2,-0.283,2.3,0,"013CAMPBELLCLIM50535VUE-500004413",0,11.57,10.64,-3.606,793,793,9.9,9.9,0.266,0.492
"2025-11-06 06:00:00",1650,0,0,0,0,0.463,168.6,1.533,11.38,11.76667,1016.031,0.004,0.449,87.1,11.5,-0.35,2.183,0,"013CAMPBELLCLIM50535VUE-500004413",0,11.7,11.2,-4.183,805,805,10.68,10.68,0.265,0.492
"2025-11-06 07:00:00",1651,11.67,0,0,0,0.56,126.5,1.877,11.13,11.56667,1016.614,0.012,1.241,87.1,11.4,-0.367,2.317,0.042,"013CAMPBELLCLIM50535VUE-500004413",0,11.71,11.02,-4.56,819,819,11.07,11.07,0.265,0.492
"2025-11-06 08:00:00",1652,42.5,0,0,0,0.333,190,1.188,11.47,11.65,1016.931,0.028,2.037,85.4,12.2,-0.45,2.3,0.153,"013CAMPBELLCLIM50535VUE-500004413",0,12.73,11.66,-4.859,846,846,11.59,11.59,0.264,0.492
"2025-11-06 09:00:00",1653,72.33,0,0,0,0.28,194.2,0.983,12.18,11.78333,1017.281,0.047,2.736,81.4,13.3,-0.333,2.35,0.2604,"013CAMPBELLCLIM50535VUE-500004413",0,13.79,12.69,-5.075,849,849,12.54,12.54,0.263,0.492
"2025-11-06 10:00:00",1654,86.2,0,0,0,0.34,184.5,1.092,12.68,11.65,1017.881,0.057,3.28,79.3,13.9,-0.4,2.3,0.3102,"013CAMPBELLCLIM50535VUE-500004413",0,14.24,13.25,-5.121,844,844,13.39,13.39,0.263,0.493
"2025-11-06 11:00:00",1655,108.3,0,0,0,0.403,179.7,1.287,12.68,11.71667,1018.464,0.07,3.617,79.5,14.2,-0.383,2.317,0.39,"013CAMPBELLCLIM50535VUE-500004413",0,14.95,13.46,-5.049,850,850,13.96,13.97,0.262,0.493
"2025-11-06 12:00:00",1656,434.2,0,0,0,0.4,129.9,1.665,14.15,12.38333,1018.731,0.26,3.712,71.3,18.2,-0.367,2.267,1.563,"013CAMPBELLCLIM50535VUE-500004413",0,20.63,16.55,-4.912,851,851,15.4,15.41,0.262,0.493
"2025-11-06 13:00:00",1657,787.7,0,0,0,0.688,142.6,2.338,17.35,12.81667,1018.414,0.48,3.575,60.6,21.5,-0.25,2.183,2.8356,"013CAMPBELLCLIM50535VUE-500004413",0,28.68,21.94,-4.575,865,865,20.07,20.07,0.261,0.493
"2025-11-06 14:00:00",1658,677.7,0,0,0,0.658,113.4,1.833,19.13,11.93333,1017.914,0.43,3.224,51.8,23.7,-0.25,2.2,2.4396,"013CAMPBELLCLIM50535VUE-500004413",0,28.68,23.44,-3.246,868,868,23.42,23.43,0.329,0.492
"2025-11-06 15:00:00",1659,390.8,0,0,0,0.502,137,2.033,19.68,11.81667,1017.548,0.26,2.665,52.5,23.2,-0.2,2.217,1.407,"013CAMPBELLCLIM50535VUE-500004413",0,24.74,23.1,-0.538,881,881,24.71,24.71,0.422,0.495
"2025-11-06 16:00:00",1660,114.7,0,0,0,0.417,122.5,1.545,18.58,11.05,1017.664,0.094,1.957,52,19.7,-0.217,2.317,0.4128,"013CAMPBELLCLIM50535VUE-500004413",0,19.96,19.66,1.868,908,908,23.17,23.18,0.413,0.497
"2025-11-06 17:00:00",1661,90.8,0,0,0,0.572,196.4,2.118,17.47,10.41667,1017.931,0.077,1.156,52.3,18.2,-0.183,2.25,0.327,"013CAMPBELLCLIM50535VUE-500004413",0,18.95,17.7,2.599,829,829,20.7,20.7,0.4,0.497
"2025-11-06 18:00:00",1662,169.8,0,0,0,0.668,216.1,2.533,17.47,11.05,1018.131,0.066,0.37,59.3,18.3,-0.3,2.283,0.6114,"013CAMPBELLCLIM50535VUE-500004413",0,19.32,18.41,2.339,782.6,782.6,20.36,20.36,0.394,0.497
"2025-11-06 19:00:00",1663,31.67,0.833,0,0,0.373,120.3,1.625,14.35,12.6,1019.064,0.016,0,82,14,-0.267,2.2,0.114,"013CAMPBELLCLIM50535VUE-500004413",0,13.66,13.54,1.759,725.9,725.9,17.24,17.24,0.391,0.496
"2025-11-06 20:00:00",1664,0.667,0.153,0,0,0.367,136.1,1.308,13.05,12.51667,1019.681,0.004,0,84.9,12.8,-0.383,2.333,0.0024,"013CAMPBELLCLIM50535VUE-500004413",0,12.76,12.29,1.044,694.2,694.2,14.77,14.77,0.388,0.496
"2025-11-06 21:00:00",1665,0,1.02,0,0,0.257,114,1.018,12.23,12.51667,1020.231,0.002,0,93.8,11.9,-0.35,2.283,0,"013CAMPBELLCLIM50535VUE-500004413",0,12.23,11.6,0.175,673,673,13.35,13.34,0.386,0.496
"2025-11-06 22:00:00",1666,0,3.383,2,3.333,0.342,146.6,1.233,11.2,12.78333,1021.364,0.001,0,97.6,10.8,-0.3,2.333,0,"013CAMPBELLCLIM50535VUE-500004413",0,11.35,10.76,-0.803,649.1,649.1,12.28,12.28,0.385,0.496
"2025-11-06 23:00:00",1667,0,0.017,0,0,0.335,132.8,1.252,10.28,12.08333,1021.948,0.001,0,95.4,10,-0.333,2.35,0,"013CAMPBELLCLIM50535VUE-500004413",0,10.6,9.78,-1.846,636.5,636.5,11.16,11.17,0.384,0.496
"2025-11-07 00:00:00",1668,0,0,0,0,0.15,167.4,0.49,10.3,12.16667,1022.214,0.001,0,98.7,10.2,-0.333,2.283,0,"013CAMPBELLCLIM50535VUE-500004413",0,10.8,9.82,-2.792,629.8,629.8,10.64,10.64,0.383,0.495
"2025-11-07 01:00:00",1669,0,0.017,0,0,0.123,192.6,0.41,10.25,12.38333,1022.381,0,0,99.6,10.1,-0.467,2.35,0,"013CAMPBELLCLIM50535VUE-500004413",0,10.47,9.73,-3.573,630.4,630.4,10.4,10.39,0.382,0.495
"2025-11-07 02:00:00",1670,0,0,0,0,0.142,96.5,0.565,10.18,12.08333,1022.298,0.001,0,97.7,10,-0.367,2.2,0,"013CAMPBELLCLIM50535VUE-500004413",0,10.14,9.48,-4.204,614.2,614.2,10.01,10.01,0.381,0.495
"2025-11-07 03:00:00",1671,0,0.017,0,0,0.197,277.2,0.498,9.32,11.4,1021.481,0.001,0,96.4,8.7,-0.433,2.283,0,"013CAMPBELLCLIM50535VUE-500004413",0,8.6,8.42,-4.743,592.5,592.5,9.13,9.13,0.38,0.495
"2025-11-07 04:00:00",1672,0,0.017,0,0,0.303,292.3,1.113,9.03,11.18333,1021.081,0.001,0,97.8,8.4,-0.417,2.317,0,"013CAMPBELLCLIM50535VUE-500004413",0,8.63,8.46,-5.278,576.6,576.6,8.4,8.39,0.379,0.495
"2025-11-07 05:00:00",1673,0,0.034,0,0,0.175,278.4,0.532,8.38,10.86667,1020.364,0,0,99.2,7.5,-0.367,2.317,0,"013CAMPBELLCLIM50535VUE-500004413",0,7.516,7.528,-5.891,559.6,559.6,7.771,7.771,0.378,0.495
"2025-11-07 06:00:00",1674,2,0.017,0,0,0.137,188.6,0.385,7.45,10.13333,1019.814,0.002,0.46,97.4,6.9,-0.4,2.283,0.0072,"013CAMPBELLCLIM50535VUE-500004413",0,6.937,6.471,-6.505,544.1,544.1,6.771,6.772,0.377,0.495
"2025-11-07 07:00:00",1675,25,0.017,0,0,0.108,277.2,0.233,8.02,10.46667,1020.064,0.014,1.256,98.6,8.4,-0.533,2.333,0.09,"013CAMPBELLCLIM50535VUE-500004413",0,10.76,7.308,-7.122,536.5,536.5,6.545,6.548,0.376,0.495
"2025-11-07 08:00:00",1676,224.2,0.017,0,0,0.248,16,0.827,11.07,13.03333,1020.181,0.12,2.033,93.6,15.5,-0.283,2.317,0.807,"013CAMPBELLCLIM50535VUE-500004413",0,26.71,10.54,-7.721,528.7,528.7,8.99,8.99,0.375,0.495
"2025-11-07 09:00:00",1677,412.2,0,0,0,0.418,191.7,1.397,13.87,13.06667,1020.098,0.235,2.729,76.9,18.3,-0.233,2.3,1.4838,"013CAMPBELLCLIM50535VUE-500004413",0,30.18,14.85,-8.12,519.7,519.7,13.66,13.66,0.374,0.495
"2025-11-07 10:00:00",1678,581.2,0,0,0,0.572,183.5,2.088,15.88,12.16667,1019.531,0.348,3.28,61.7,20.4,-0.267,2.217,2.0922,"013CAMPBELLCLIM50535VUE-500004413",0,31.54,17.93,-8.02,509.6,509.6,17.58,17.58,0.373,0.495
"2025-11-07 11:00:00",1679,715.3,0,0,0,0.582,195.7,1.783,17.9,11.55,1018.748,0.447,3.625,53.1,22.3,-0.233,2.317,2.5752,"013CAMPBELLCLIM50535VUE-500004413",0,29.44,21.15,-7.315,493.7,493.7,20.96,20.95,0.372,0.496
"2025-11-07 12:00:00",1680,810,0,0,0,0.678,196.6,2.447,19.87,10.71667,1017.981,0.525,3.746,41.7,23.8,-0.183,2.283,2.9172,"013CAMPBELLCLIM50535VUE-500004413",0,31.29,23.58,-6.115,467.2,467.2,23.57,23.58,0.371,0.495
"2025-11-07 13:00:00",1681,841,0,0,0,0.588,199.9,1.702,21.68,10.13333,1017.164,0.558,3.623,36.8,25.5,-0.183,2.233,3.0288,"013CAMPBELLCLIM50535VUE-500004413",0,33.65,26.45,-4.369,440,440,25.6,25.6,0.37,0.495
"2025-11-07 14:00:00",1682,812,0,0,0,0.75,64.6,2.562,22.8,9.533334,1016.531,0.545,3.269,31.2,26.7,-0.167,2.25,2.9232,"013CAMPBELLCLIM50535VUE-500004413",0,34.52,27.31,-2.205,417.7,417.7,27.14,27.14,0.369,0.495
"2025-11-07 15:00:00",1683,734,0,0,0,0.63,114.1,1.815,24.12,8.55,1016.014,0.487,2.716,26.1,28.1,-0.05,2.183,2.6424,"013CAMPBELLCLIM50535VUE-500004413",0,34.48,28.43,0.397,389.4,389.4,28.92,28.92,0.369,0.495
"2025-11-07 16:00:00",1684,609.2,0,0,0,0.597,315.9,1.982,25.53,7.75,1015.281,0.398,2.002,22.6,29.4,0.017,2.167,2.193,"013CAMPBELLCLIM50535VUE-500004413",0,33.46,29.02,3.016,360.7,360.7,30.36,30.36,0.368,0.495
"2025-11-07 17:00:00",1685,444.2,0,0,0,0.608,306.8,1.978,25.62,7.933333,1014.781,0.277,1.184,25.4,28.7,-0.117,2.15,1.599,"013CAMPBELLCLIM50535VUE-500004413",0,30.68,28.36,4.839,331.4,331.4,30.5,30.49,0.368,0.495
"2025-11-07 18:00:00",1686,261.3,0,0,0,0.778,232.8,2.865,24.63,9.05,1014.448,0.151,0.384,31,26.7,-0.1,2.217,0.9408,"013CAMPBELLCLIM50535VUE-500004413",0,26.36,25.94,5.508,294.3,294.3,29.03,29.03,0.368,0.495
"2025-11-07 19:00:00",1687,52,0,0,0,0.64,283.1,2.347,22.65,9.3,1014.498,0.01,0,40.1,22,-0.25,2.217,0.1872,"013CAMPBELLCLIM50535VUE-500004413",0,20.44,22.56,5.299,262.5,262.5,25.72,25.72,0.367,0.495
"2025-11-07 20:00:00",1688,2.333,0,0,0,0.32,171.8,1.282,19.38,10.53333,1014.781,-0.024,0,51.7,18,-0.183,2.217,0.008400001,"013CAMPBELLCLIM50535VUE-500004413",0,16.31,18.52,4.563,239.7,239.7,21.52,21.52,0.366,0.495
"2025-11-07 21:00:00",1689,0,0,0,0,0.128,72.3,0.342,15.9,11.45,1015.098,-0.031,0,65.2,14.6,-0.3,2.267,0,"013CAMPBELLCLIM50535VUE-500004413",0,12.96,14.39,3.496,222.3,222.3,17.61,17.62,0.365,0.495
"2025-11-07 22:00:00",1690,0,0,0,0,0.142,84.7,0.682,15.03,11.05,1015.031,-0.03,0,64.3,14.1,-0.367,2.267,0,"013CAMPBELLCLIM50535VUE-500004413",0,12.5,13.17,2.253,218.7,218.7,14.96,14.96,0.365,0.495
"2025-11-07 23:00:00",1691,0,0,0,0,0.092,159.8,0.278,13.57,11.25,1014.631,-0.03,0,78.5,12.5,-0.367,2.333,0,"013CAMPBELLCLIM50535VUE-500004413",0,11.12,12.16,0.957,216.1,216.1,13.21,13.21,0.364,0.495
"2025-11-08 00:00:00",1692,0,0,0,0,0.093,127.6,0.253,12.13,11.35,1013.964,-0.029,0,85.7,11.2,-0.417,2.3,0,"013CAMPBELLCLIM50535VUE-500004413",0,10.18,10.71,-0.268,214.6,214.6,11.51,11.52,0.363,0.494
"2025-11-08 01:00:00",1693,0,0,0,0,0.067,255.6,0.183,10.6,11.36667,1013.348,-0.028,0,91.5,9.8,-0.4,2.25,0,"013CAMPBELLCLIM50535VUE-500004413",0,9.07,9.22,-1.404,216.3,216.3,10.05,10.05,0.362,0.494
"2025-11-08 02:00:00",1694,0,0,0,0,0.082,194.5,0.193,9.77,11.26667,1012.914,-0.027,0,94.4,9.1,-0.283,2.367,0,"013CAMPBELLCLIM50535VUE-500004413",0,8.61,8.48,-2.45,218.5,218.5,8.94,8.94,0.361,0.494
"2025-11-08 03:00:00",1695,0,0,0,0,0.075,240.9,0.14,8.98,11.05,1012.264,-0.027,0,97,8.3,-0.467,2.35,0,"013CAMPBELLCLIM50535VUE-500004413",0,7.875,7.844,-3.428,227.2,227.2,8.12,8.12,0.36,0.494
"2025-11-08 04:00:00",1696,0,0,0,0,0.12,237.6,0.25,8.8,10.8,1011.798,-0.026,0,97.2,8.1,-0.367,2.333,0,"013CAMPBELLCLIM50535VUE-500004413",0,7.546,7.594,-4.325,233.7,233.7,7.477,7.474,0.36,0.494
"2025-11-08 05:00:00",1697,0,0,0,0,0.092,218.4,0.17,7.95,10.4,1011.481,-0.026,0,97.7,7.3,-0.5,2.317,0,"013CAMPBELLCLIM50535VUE-500004413",0,6.829,6.825,-5.147,237.7,237.7,6.819,6.818,0.359,0.494
"2025-11-08 06:00:00",1698,2.5,0,0,0,0.097,259.5,0.193,7.383,10.1,1011.331,0.002,0.468,97.7,6.8,-0.433,2.333,0.009000001,"013CAMPBELLCLIM50535VUE-500004413",0,6.547,6.241,-5.91,243.8,243.8,6.26,6.257,0.358,0.494
"2025-11-08 07:00:00",1699,27.67,0,0,0,0.107,321.9,0.262,8.47,10.73333,1011.464,0.016,1.262,97.8,9.1,-0.45,2.3,0.0996,"013CAMPBELLCLIM50535VUE-500004413",0,8.6,7.851,-6.62,249.8,249.8,6.443,6.444,0.358,0.494
"2025-11-08 08:00:00",1700,228.7,0,0,0,0.22,25.2,0.748,13.33,13.33333,1011.714,0.131,2.037,75.8,18.5,-0.383,2.2,0.8232,"013CAMPBELLCLIM50535VUE-500004413",0,13.38,12.89,-7.226,255.6,255.6,9.66,9.66,0.357,0.495
"2025-11-08 09:00:00",1701,410.3,0,0,0,0.358,230.2,1.07,17.4,12.9,1011.531,0.256,2.739,58.2,22.7,-0.133,2.267,1.4772,"013CAMPBELLCLIM50535VUE-500004413",0,18.85,18.81,-7.533,261,261,15.52,15.52,0.356,0.495
"2025-11-08 10:00:00",1702,571.5,0,0,0,0.53,337.7,1.56,19.95,12.46667,1011.631,0.376,3.282,50.9,24.9,-0.217,2.317,2.0574,"013CAMPBELLCLIM50535VUE-500004413",0,22.44,21.92,-7.309,261.2,261.2,20.68,20.67,0.355,0.495
"2025-11-08 11:00:00",1703,703.3,0,0,0,0.635,155.8,1.858,22.27,12.51667,1011.664,0.481,3.621,44.1,26.5,-0.167,2.317,2.532,"013CAMPBELLCLIM50535VUE-500004413",0,26.5,24.99,-6.437,260,260,24.66,24.66,0.355,0.495
"2025-11-08 12:00:00",1704,807,0,0,0,0.893,164.9,3.155,23.02,12.1,1011.931,0.558,3.731,41.6,26.5,-0.117,2.233,2.9064,"013CAMPBELLCLIM50535VUE-500004413",0,30.2,26.14,-5.013,253.5,253.5,27.2,27.2,0.354,0.495
"2025-11-08 13:00:00",1705,860,0,0,0,1.063,142.7,3.272,23.85,12.2,1012.031,0.599,3.6,42.5,27.7,-0.05,2.267,3.0942,"013CAMPBELLCLIM50535VUE-500004413",0,32.12,26.87,-3.002,244.6,244.6,28.66,28.66,0.353,0.494
"2025-11-08 14:00:00",1706,808,0,0,0,1.09,178.2,3.323,23.92,12.73333,1012.048,0.559,3.232,44,27.1,-0.133,2.317,2.9082,"013CAMPBELLCLIM50535VUE-500004413",0,32.92,26.92,-0.577,227.5,227.5,29.69,29.69,0.353,0.494
"2025-11-08 15:00:00",1707,673.2,0,0,0,1.078,170.3,3.998,23.75,12.8,1012.081,0.461,2.673,43.9,27.1,-0.167,2.267,2.4234,"013CAMPBELLCLIM50535VUE-500004413",0,31.92,26.57,2.082,207.6,207.6,29.7,29.69,0.352,0.494
"2025-11-08 16:00:00",1708,596.2,0,0,0,0.978,160.7,3.43,23.97,13,1011.881,0.397,1.96,44.5,27.3,-0.117,2.167,2.1462,"013CAMPBELLCLIM50535VUE-500004413",0,32.4,26.68,4.439,186.1,186.1,29.82,29.81,0.352,0.494
"2025-11-08 17:00:00",1709,432.8,0,0,0,0.955,133,3.662,23.3,13.2,1011.848,0.276,1.163,48.1,26.2,-0.083,2.3,1.5582,"013CAMPBELLCLIM50535VUE-500004413",0,29.13,25.43,5.868,163.8,163.8,29.16,29.16,0.351,0.494
"2025-11-08 18:00:00",1710,254.3,0,0,0,0.968,145.9,2.987,21.62,13.16667,1012.264,0.144,0.386,53,23.5,-0.183,2.183,0.9156,"013CAMPBELLCLIM50535VUE-500004413",0,24.53,22.9,6.253,135.1,135.1,27.21,27.21,0.35,0.494
"2025-11-08 19:00:00",1711,56,0,0,0,0.803,136.3,2.387,18.88,12.61667,1013.064,0.009,0,60.9,18.6,-0.15,2.15,0.2016,"013CAMPBELLCLIM50535VUE-500004413",0,18.14,18.93,5.887,111.5,111.5,23.37,23.37,0.349,0.494
"2025-11-08 20:00:00",1712,2.667,0,0,0,0.77,134.7,2.552,16.15,12.15,1013.764,-0.011,0,69.9,15.4,-0.35,2.267,0.0096,"013CAMPBELLCLIM50535VUE-500004413",0,14.78,15.74,5.017,94.1,94.1,19.08,19.09,0.348,0.494
"2025-11-08 21:00:00",1713,0,0,0,0,0.778,125.3,2.892,14.13,12.05,1014.531,-0.015,0,76.7,13.5,-0.317,2.283,0,"013CAMPBELLCLIM50535VUE-500004413",0,13.02,13.64,3.816,81.2,81.2,15.94,15.94,0.347,0.494
"2025-11-08 22:00:00",1714,0,0,0,0,0.633,132.5,2.347,12.73,11.76667,1015.148,-0.019,0,81.5,12.2,-0.3,2.233,0,"013CAMPBELLCLIM50535VUE-500004413",0,11.63,12.21,2.443,80.2,80.2,13.71,13.71,0.346,0.494
"2025-11-08 23:00:00",1715,0,0,0,0,0.442,120.3,1.602,11.97,11.63333,1015.398,-0.022,0,84.4,11.5,-0.417,2.283,0,"013CAMPBELLCLIM50535VUE-500004413",0,10.81,11.23,1.087,93.4,93.4,12.09,12.09,0.345,0.494
"2025-11-09 00:00:00",1716,0,0,0,0,0.54,142.3,1.945,11.83,11.73333,1015.564,-0.021,0,83.9,11.8,-0.233,2.233,0,"013CAMPBELLCLIM50535VUE-500004413",0,11.65,11.27,-0.171,109.5,109.5,11.29,11.3,0.344,0.494
"2025-11-09 01:00:00",1717,0,0,0,0,0.448,180.3,2.058,12.35,11.98333,1015.614,-0.022,0,83.6,12.3,-0.333,2.283,0,"013CAMPBELLCLIM50535VUE-500004413",0,12.28,12.07,-1.287,117.4,117.4,11.7,11.7,0.343,0.494
"2025-11-09 02:00:00",1718,0,0,0,0,0.272,192.8,0.998,12.35,11.96667,1015.281,-0.025,0,83,12.4,-0.383,2.3,0,"013CAMPBELLCLIM50535VUE-500004413",0,12.55,12,-2.18,133.3,133.3,11.9,11.9,0.342,0.494
"2025-11-09 03:00:00",1719,0,0,0,0,0.212,171.4,0.675,12.57,12.03333,1014.831,-0.027,0,82.5,12.6,-0.35,2.317,0,"013CAMPBELLCLIM50535VUE-500004413",0,12.89,12.32,-2.858,146,146,12.25,12.25,0.341,0.493
"2025-11-09 04:00:00",1720,0,0,0,0,0.258,343.4,0.803,12.57,12,1014.681,-0.026,0,82.8,12.6,-0.367,2.317,0,"013CAMPBELLCLIM50535VUE-500004413",0,12.71,12.31,-3.36,155.5,155.5,12.46,12.46,0.34,0.493
"2025-11-09 05:00:00",1721,0,0,0,0,0.188,314.7,0.63,12.48,11.96667,1015.064,-0.027,0,82.7,12.6,-0.333,2.267,0,"013CAMPBELLCLIM50535VUE-500004413",0,12.66,12.19,-3.735,161.6,161.6,12.49,12.49,0.339,0.493
"2025-11-09 06:00:00",1722,0.167,0,0,0,0.162,203,0.512,12.57,12.01667,1015.531,0.003,0.47,82.1,12.6,-0.317,2.3,0.0006,"013CAMPBELLCLIM50535VUE-500004413",0,12.74,12.27,-4.055,165.3,165.3,12.55,12.55,0.339,0.493
"2025-11-09 07:00:00",1723,12.83,0,0,0,0.233,132.8,0.748,12.63,12.06667,1016.181,0.011,1.261,82.5,12.9,-0.3,2.233,0.0462,"013CAMPBELLCLIM50535VUE-500004413",0,13.07,12.51,-4.327,171,171,12.66,12.67,0.338,0.493
"2025-11-09 08:00:00",1724,53,0,0,0,0.317,173.8,1.073,12.8,12.21667,1016.764,0.036,2.054,82.7,13.6,-0.333,2.267,0.1908,"013CAMPBELLCLIM50535VUE-500004413",0,13.93,13.1,-4.534,171.7,171.7,13.07,13.07,0.337,0.494
"2025-11-09 09:00:00",1725,124.2,0,0,0,0.222,57.5,0.632,13.53,12.45,1017.081,0.08,2.751,79,15.4,-0.267,2.25,0.447,"013CAMPBELLCLIM50535VUE-500004413",0,15.84,14.79,-4.646,173.8,173.8,14.15,14.15,0.336,0.494
"2025-11-09 10:00:00",1726,281.7,0,0,0,0.435,205.4,1.62,14.73,12.81667,1017.231,0.178,3.285,75.1,18.2,-0.317,2.233,1.014,"013CAMPBELLCLIM50535VUE-500004413",0,19.02,17.06,-4.597,173,173,16.28,16.28,0.335,0.494
"2025-11-09 11:00:00",1727,614.5,0,0,0,0.608,137.5,2.227,16.8,13.11667,1017.281,0.378,3.617,65.3,21,-0.233,2.283,2.2122,"013CAMPBELLCLIM50535VUE-500004413",0,22.36,19.62,-4.27,167.5,167.5,19.72,19.72,0.334,0.494
"2025-11-09 12:00:00",1728,808,0,0,0,0.692,64.8,2.293,19.38,13.23333,1017.148,0.516,3.721,54.2,23.6,-0.233,2.267,2.9076,"013CAMPBELLCLIM50535VUE-500004413",0,27.78,23.12,-3.553,163.8,163.8,22.9,22.9,0.333,0.494
"2025-11-09 13:00:00",1729,842,0,0,0,0.682,231.9,2.125,21.47,12.56667,1016.864,0.557,3.602,46.4,25.5,-0.15,2.25,3.0306,"013CAMPBELLCLIM50535VUE-500004413",0,30.9,26.13,-2.314,154.9,154.9,25.57,25.56,0.331,0.494
"2025-11-09 14:00:00",1730,818,0,0,0,0.82,187.1,2.437,22.87,12.1,1016.598,0.55,3.247,40.9,26.6,-0.067,2.15,2.9442,"013CAMPBELLCLIM50535VUE-500004413",0,33.12,26.92,-0.421,149.4,149.4,27.45,27.44,0.33,0.494
"2025-11-09 15:00:00",1731,737.7,0,0,0,0.81,186.1,2.533,23.87,11.58333,1016.264,0.494,2.696,37.7,27.6,-0.183,2.25,2.6556,"013CAMPBELLCLIM50535VUE-500004413",0,33.72,27.61,2.119,129.9,129.9,29.09,29.09,0.329,0.494
"2025-11-09 16:00:00",1732,606.2,0,0,0,0.765,192.3,2.505,24.58,11.18333,1015.831,0.402,1.987,36.7,28.2,-0.083,2.183,2.1822,"013CAMPBELLCLIM50535VUE-500004413",0,32.9,27.78,4.657,109.7,109.7,30.13,30.13,0.326,0.494
"2025-11-09 17:00:00",1733,440.3,0,0,0,0.82,169.4,2.73,24.43,11.28333,1015.714,0.283,1.184,38,27.6,-0.15,2.167,1.5852,"013CAMPBELLCLIM50535VUE-500004413",0,30.22,26.81,6.228,85.8,85.8,29.89,29.89,0.327,0.494
"2025-11-09 18:00:00",1734,262.5,0,0,0,0.705,159.5,2.463,23.67,11.41667,1015.848,0.147,0.399,40.5,26,-0.033,2.183,0.945,"013CAMPBELLCLIM50535VUE-500004413",0,26.34,24.97,6.64,62.03,62.03,28.45,28.46,0.326,0.494
"2025-11-09 19:00:00",1735,57.67,0,0,0,0.493,143,2.042,21.72,10.8,1016.248,0.004,0,43.8,21.2,-0.15,2.267,0.2076,"013CAMPBELLCLIM50535VUE-500004413",0,20.22,21.82,6.262,40.23,40.23,25.33,25.33,0.325,0.493
"2025-11-09 20:00:00",1736,3,0,0,0,0.438,109.8,1.863,18.9,10.63333,1016.898,-0.019,0,51.9,18,-0.167,2.3,0.0108,"013CAMPBELLCLIM50535VUE-500004413",0,16.73,18.14,5.44,22.29,22.29,21.15,21.15,0.324,0.493
"2025-11-09 21:00:00",1737,0,0,0,0,0.458,115.1,2.202,16.65,10.7,1017.414,-0.019,0,58.7,15.8,-0.2,2.283,0,"013CAMPBELLCLIM50535VUE-500004413",0,14.71,15.83,4.31,10.24,10.24,17.96,17.95,0.323,0.493
"2025-11-09 22:00:00",1738,0,0,0,0,0.517,143.4,1.997,14.97,10.38333,1017.714,-0.018,0,63.3,14.2,-0.267,2.25,0,"013CAMPBELLCLIM50535VUE-500004413",0,13.26,14.34,3.034,17.17,17.17,15.66,15.66,0.322,0.493
"2025-11-09 23:00:00",1739,0,0,0,0,0.308,146.3,1.217,13.3,10.08333,1017.798,-0.024,0,67,12.5,-0.383,2.317,0,"013CAMPBELLCLIM50535VUE-500004413",0,11.63,12.48,1.737,21.63,21.63,13.65,13.65,0.32,0.493
"2025-11-10 00:00:00",1740,0,0,0,0,0.24,108.5,1.137,12.1,9.816667,1017.814,-0.026,0,71.1,11.2,-0.283,2.283,0,"013CAMPBELLCLIM50535VUE-500004413",0,10.15,10.94,0.486,36.07,36.07,11.91,11.91,0.319,0.493
"2025-11-10 01:00:00",1741,0,0,0,0,0.1,50.3,0.435,10.88,9.883333,1017.648,-0.029,0,79.1,10,-0.333,2.25,0,"013CAMPBELLCLIM50535VUE-500004413",0,8.95,9.49,-0.718,54.22,54.22,10.4,10.4,0.318,0.493
"2025-11-10 02:00:00",1742,0,0,0,0,0.098,151.8,0.245,9.77,9.9,1017.531,-0.028,0,84.8,9,-0.45,2.233,0,"013CAMPBELLCLIM50535VUE-500004413",0,8.1,8.2,-1.874,76.41,76.41,9.01,9.01,0.317,0.493
"2025-11-10 03:00:00",1743,0,0,0,0,0.095,228.6,0.193,8.45,9.75,1016.914,-0.027,0,89.8,7.7,-0.5,2.3,0,"013CAMPBELLCLIM50535VUE-500004413",0,7.166,7.111,-2.954,98.8,98.8,7.803,7.801,0.316,0.493
"2025-11-10 04:00:00",1744,0,0,0,0,0.1,241.5,0.19,7.683,9.633333,1016.464,-0.026,0,94.3,7,-0.467,2.317,0,"013CAMPBELLCLIM50535VUE-500004413",0,6.671,6.344,-3.95,115.1,115.1,6.811,6.812,0.314,0.493
"2025-11-10 05:00:00",1745,0,0,0,0,0.097,240,0.183,7.05,9.533333,1016.248,-0.026,0,96,6.4,-0.5,2.217,0,"013CAMPBELLCLIM50535VUE-500004413",0,6.1,5.865,-4.882,133.3,133.3,6.05,6.049,0.313,0.493
"2025-11-10 06:00:00",1746,2.667,0,0,0,0.138,261.7,0.358,6.933,9.483334,1016.164,0.002,0.483,94,6.7,-0.333,2.267,0.0096,"013CAMPBELLCLIM50535VUE-500004413",0,6.593,5.917,-5.738,147.1,147.1,5.549,5.549,0.312,0.493
"2025-11-10 07:00:00",1747,32.33,0,0,0,0.15,328.4,0.413,8.78,10.25,1016.414,0.019,1.28,86.8,9.1,-0.35,2.3,0.1164,"013CAMPBELLCLIM50535VUE-500004413",0,8.54,7.693,-6.516,162.9,162.9,6.165,6.164,0.311,0.493
"2025-11-10 08:00:00",1748,230.5,0,0,0,0.332,305.9,0.987,12.85,11.36667,1016.414,0.132,2.069,69.7,18.1,-0.383,2.25,0.8298,"013CAMPBELLCLIM50535VUE-500004413",0,12.86,13.16,-7.121,176.5,176.5,9.53,9.53,0.31,0.493
