"TOA5","CR5000_2","CR5000","2447","CR5000.Std.07","CPU:Parcela3_final.CR5","8647","Table1"
"TIMESTAMP","RECORD","SlrFD_W_Avg","Rain_mm_Tot","Strikes_Tot","Dist_km_Avg","WS_ms_Avg","WindDir","MaxWS_ms_Avg","AirT_C_Avg","VP_mbar_Avg","BP_mbar_Avg","ETos","Rso","RH","RHT_C","TiltNS_deg_Avg","TiltWE_deg_Avg","SlrTF_MJ_Tot","CVMeta","Invalid_Wind","TT_C_Avg","SBT_C_Avg","SHF_Avg","NR_Wm2_Avg","CNR_Wm2_Avg","Temp_TC1_C_Avg","Temp_TC2_C_Avg","SWC_5CM_Avg","SWC_40CM_Avg"
"TS","RN","W/m^2","mm","count","kilometers","m/s","degrees","m/s","Deg C","mbar","mbar","Deg C","Deg C","%","Deg C","degrees","degrees","MJ/m^2","","","Deg C","Deg C","W/m^2","W/meter^2","W/m^2","Deg C","Deg C","m3/m3","m3/m3"
"","","Avg","Tot","Tot","Avg","Avg","Smp","Avg","Avg","Avg","Avg","ETsz","RSo","Smp","Smp","Avg","Avg","Tot","Smp","Smp","Avg","Avg","Avg","Avg","Avg","Avg","Avg","Avg","Avg"
"2025-11-17 09:00:00",1917,415.5,0,0,0,0.567,172.5,1.393,21.63,13.6,1015.881,0.287,2.779,49.6,27.3,-0.25,2.217,1.4958,"013CAMPBELLCLIM50535VUE-500004413",0,22.76,22.86,-4.711,145.6,145.6,21.18,21.17,0.399,0.499
"2025-11-17 10:00:00",1918,580.7,0,0,0,0.498,102.5,1.477,24.42,13.85,1015.698,0.413,3.315,44,29.7,-0.217,2.25,2.0904,"013CAMPBELLCLIM50535VUE-500004413",0,26.27,26.76,-4.397,147.5,147.5,25.61,25.61,0.397,0.499
"2025-11-17 11:00:00",1919,723.7,0,0,0,0.597,95.5,1.865,26.75,13.75,1014.981,0.531,3.655,35.4,31.3,-0.033,2.25,2.6052,"013CAMPBELLCLIM50535VUE-500004413",0,29.9,29.95,-3.519,143.9,143.9,29.61,29.61,0.395,0.499
"2025-11-17 12:00:00",1920,772,0,0,0,0.662,163.9,2.172,28.87,12.1,1014.364,0.584,3.788,28.2,32.8,0.05,2.333,2.7792,"013CAMPBELLCLIM50535VUE-500004413",0,33.23,32.51,-2.157,135.7,135.7,32.68,32.68,0.394,0.499
"2025-11-17 13:00:00",1921,850,0,0,0,0.79,138.4,2.543,30.7,10.33333,1013.614,0.651,3.691,20.1,34.6,0.083,2.25,3.0594,"013CAMPBELLCLIM50535VUE-500004413",0,36.73,34.65,-0.312,110.8,110.8,34.77,34.77,0.392,0.499
"2025-11-17 14:00:00",1922,760.8,0,0,0,0.76,175,2.397,31.9,9.566667,1012.964,0.588,3.352,21.5,35.8,0.033,2.217,2.739,"013CAMPBELLCLIM50535VUE-500004413",0,38.06,35.38,1.903,93.3,93.3,36.77,36.77,0.39,0.499
"2025-11-17 15:00:00",1923,602.8,0,0,0,1.012,136.6,3.182,31.35,9.966666,1012.598,0.479,2.792,22.1,34.7,0.033,2.117,2.1702,"013CAMPBELLCLIM50535VUE-500004413",0,36.16,33.98,4.376,91.9,91.9,36.84,36.84,0.389,0.499
"2025-11-17 16:00:00",1924,363,0,0,0,0.85,132.1,2.793,30.55,9.983334,1012.314,0.298,2.082,24.5,33,0.133,2.15,1.3068,"013CAMPBELLCLIM50535VUE-500004413",0,32.96,32.49,6.421,94.2,94.2,35.84,35.84,0.388,0.499
"2025-11-17 17:00:00",1925,384.3,0,0,0,0.853,144.4,2.748,30.63,10.6,1012.114,0.267,1.276,25.5,33.4,-0.017,2.233,1.3836,"013CAMPBELLCLIM50535VUE-500004413",0,33.45,32.61,7.484,97.9,97.9,34.93,34.94,0.387,0.499
"2025-11-17 18:00:00",1926,241.3,0,0,0,0.833,128.5,2.867,30.13,11.26667,1012.014,0.154,0.481,26.9,31.6,-0.017,2.25,0.8688,"013CAMPBELLCLIM50535VUE-500004413",0,30.77,31.15,7.73,99.9,99.9,33.93,33.93,0.386,0.499
"2025-11-17 19:00:00",1927,77,0,0,0,0.645,163.2,2.46,28.82,10.86667,1012.231,0.048,0,28,28.6,0.033,2.317,0.2772,"013CAMPBELLCLIM50535VUE-500004413",0,27.02,28.73,7.591,113.3,113.3,31.33,31.33,0.385,0.499
"2025-11-17 20:00:00",1928,8.67,0,0,0,0.478,47.6,1.49,26.17,10.16667,1012.748,0.009,0,34.5,24.7,-0.083,2.3,0.0312,"013CAMPBELLCLIM50535VUE-500004413",0,22.77,25.29,7.133,101.8,101.8,27.91,27.91,0.385,0.498
"2025-11-17 21:00:00",1929,0,0,0,0,0.332,52.4,0.613,22.72,10.18333,1013.314,-0.004,0,37.1,21.6,-0.133,2.3,0,"013CAMPBELLCLIM50535VUE-500004413",0,19.32,20.72,6.373,85.1,85.1,23.98,23.98,0.384,0.498
"2025-11-17 22:00:00",1930,0,0,0,0,0.157,24.7,0.377,19.93,10.61667,1013.881,-0.013,0,47.5,18.7,-0.2,2.25,0,"013CAMPBELLCLIM50535VUE-500004413",0,17.02,18.09,5.326,76.07,76.07,20.9,20.9,0.383,0.498
"2025-11-17 23:00:00",1931,0,0,0,0,0.185,47.5,0.547,17.88,10.96667,1014.081,-0.012,0,55.7,17,-0.267,2.367,0,"013CAMPBELLCLIM50535VUE-500004413",0,15.71,16.17,4.112,65.11,65.11,18.28,18.28,0.383,0.498
"2025-11-18 00:00:00",1932,0,0,0,0,0.118,50.5,0.278,16.6,11.38333,1014.114,-0.014,0,64.8,15.8,-0.267,2.283,0,"013CAMPBELLCLIM50535VUE-500004413",0,14.52,14.98,2.857,63.74,63.74,16.45,16.45,0.381,0.498
"2025-11-18 01:00:00",1933,0,0,0,0,0.1,202.6,0.34,15.35,11.41667,1013.948,-0.014,0,62.1,14.6,-0.15,2.317,0,"013CAMPBELLCLIM50535VUE-500004413",0,13.67,13.56,1.655,56.22,56.22,14.86,14.86,0.381,0.498
"2025-11-18 02:00:00",1934,0,0,0,0,0.198,186.9,0.515,16.72,10.01667,1013.731,-0.011,0,58.3,15.8,-0.283,2.25,0,"013CAMPBELLCLIM50535VUE-500004413",0,14.88,15.63,0.543,40.55,40.55,14.46,14.47,0.38,0.498
"2025-11-18 03:00:00",1935,0,0,0,0,0.13,291.7,0.362,14.93,10.45,1013.464,-0.014,0,56.5,14,-0.3,2.267,0,"013CAMPBELLCLIM50535VUE-500004413",0,13.06,13.55,-0.466,30.66,30.66,13.56,13.56,0.38,0.498
"2025-11-18 04:00:00",1936,0,0,0,0,0.16,269.9,0.51,15.3,9.983334,1013.364,-0.013,0,58.8,14.2,-0.35,2.35,0,"013CAMPBELLCLIM50535VUE-500004413",0,13.53,14.38,-1.368,26.64,26.64,13.18,13.18,0.379,0.498
"2025-11-18 05:00:00",1937,0,0,0,0,0.14,155.5,0.412,14.15,10.25,1013.731,-0.013,0,69.9,13.1,-0.283,2.283,0,"013CAMPBELLCLIM50535VUE-500004413",0,11.94,13.06,-2.188,19.97,19.97,12.54,12.53,0.378,0.498
"2025-11-18 06:00:00",1938,3.833,0,0,0,0.155,207.5,0.432,12.8,10.38333,1014.048,0.006,0.525,72.8,12.2,-0.383,2.333,0.0138,"013CAMPBELLCLIM50535VUE-500004413",0,11.18,11.33,-2.924,20.56,20.56,11.54,11.53,0.378,0.498
"2025-11-18 07:00:00",1939,48.17,0,0,0,0.363,335.5,1.193,15.75,10.78333,1014.631,0.042,1.32,58.5,16.5,-0.283,2.283,0.1734,"013CAMPBELLCLIM50535VUE-500004413",0,15.26,14.76,-3.609,7.078,7.078,12.36,12.36,0.377,0.498
"2025-11-18 08:00:00",1940,241,0,0,0,0.35,26.2,0.98,19.63,12.05,1014.464,0.164,2.103,47,25.1,-0.133,2.333,0.8676,"013CAMPBELLCLIM50535VUE-500004413",0,18.51,20.21,-4.178,6.299,6.299,16.74,16.73,0.376,0.498
"2025-11-18 09:00:00",1941,418,0,0,0,0.523,203.7,1.507,22.9,12.58333,1014.531,0.296,2.795,43.7,28.1,-0.1,2.25,1.5048,"013CAMPBELLCLIM50535VUE-500004413",0,23.53,24.43,-4.403,2.457,2.457,22.24,22.24,0.375,0.498
"2025-11-18 10:00:00",1942,585.7,0,0,0,0.578,142.4,1.848,25.1,12.9,1014.848,0.424,3.331,38,30,0.067,2.35,2.1084,"013CAMPBELLCLIM50535VUE-500004413",0,27.05,27.1,-4.041,17.54,17.54,26.51,26.51,0.374,0.499
"2025-11-18 11:00:00",1943,731,0,0,0,0.628,6.8,1.807,27.55,12.78333,1014.798,0.543,3.672,32.9,32.3,0.033,2.267,2.6316,"013CAMPBELLCLIM50535VUE-500004413",0,30.81,30.82,-3.134,37.25,37.25,30.44,30.43,0.373,0.499
"2025-11-18 12:00:00",1944,814,0,0,0,0.722,151.1,2.235,29.35,13.16667,1014.481,0.617,3.78,31,33.2,0,2.2,2.9298,"013CAMPBELLCLIM50535VUE-500004413",0,34.54,32.91,-1.79,50.77,50.77,33.42,33.42,0.372,0.499
"2025-11-18 13:00:00",1945,859,0,0,0,0.998,158,3.485,30.22,13.5,1014.314,0.661,3.653,30.5,33.3,0.067,2.233,3.0906,"013CAMPBELLCLIM50535VUE-500004413",0,37.08,33.45,0.063,67.75,67.75,34.9,34.91,0.371,0.499
"2025-11-18 14:00:00",1946,837,0,0,0,1.025,157.4,3.267,30.87,13.45,1014.164,0.644,3.305,30.5,34.1,0.017,2.3,3.0132,"013CAMPBELLCLIM50535VUE-500004413",0,38.02,34.03,2.325,85.1,85.1,35.68,35.68,0.371,0.499
"2025-11-18 15:00:00",1947,752.3,0,0,0,1.075,173.8,3.782,31.92,13.8,1013.814,0.58,2.755,28.9,34.9,0.033,2.267,2.7084,"013CAMPBELLCLIM50535VUE-500004413",0,38.93,34.87,4.859,110,110,36.91,36.9,0.37,0.499
"2025-11-18 16:00:00",1948,624.7,0,0,0,0.947,166.8,3.415,32.28,13.8,1013.564,0.473,2.056,28.8,35.6,0.033,2.283,2.2488,"013CAMPBELLCLIM50535VUE-500004413",0,38.36,35.15,7.155,126.9,126.9,37.48,37.47,0.37,0.499
"2025-11-18 17:00:00",1949,465.3,0,0,0,0.877,167.5,3.145,32.15,14.15,1013.464,0.342,1.265,29.9,35.2,0.017,2.183,1.6752,"013CAMPBELLCLIM50535VUE-500004413",0,36.46,34.26,8.59,127.6,127.6,37.27,37.26,0.369,0.499
"2025-11-18 18:00:00",1950,289.5,0,0,0,0.838,182.5,3.018,31.27,13.33333,1013.581,0.197,0.486,29.3,33.6,0.067,2.233,1.0422,"013CAMPBELLCLIM50535VUE-500004413",0,33.2,32.68,9.13,90.4,90.4,35.92,35.93,0.368,0.499
"2025-11-18 19:00:00",1951,63.67,0,0,0,0.687,193,2.835,29.17,12.23333,1014.048,0.022,0,31.3,28.7,0.033,2.317,0.2292,"013CAMPBELLCLIM50535VUE-500004413",0,27.08,29.28,9.01,62.4,62.4,32.65,32.65,0.367,0.498
"2025-11-18 20:00:00",1952,4.667,0,0,0,0.507,54,1.388,25.92,11.31667,1014.831,-0.014,0,37.8,24.6,-0.05,2.233,0.0168,"013CAMPBELLCLIM50535VUE-500004413",0,22.97,24.85,8.44,5.722,5.722,28.28,28.28,0.367,0.498
"2025-11-18 21:00:00",1953,0,0,0,0,0.325,41.6,0.702,22.62,11.58333,1015.448,-0.025,0,45.4,21.5,-0.15,2.283,0,"013CAMPBELLCLIM50535VUE-500004413",0,19.79,20.72,7.504,-21.73,-21.73,24.21,24.21,0.366,0.498
"2025-11-18 22:00:00",1954,0,0,0,0,0.257,61.5,0.56,20.9,11.58333,1015.748,-0.028,0,51.3,19.8,-0.117,2.283,0,"013CAMPBELLCLIM50535VUE-500004413",0,18.23,18.72,6.307,-67.84,-67.84,21.38,21.38,0.365,0.498
"2025-11-18 23:00:00",1955,0,0,0,0,0.172,67.9,0.49,18.98,12.28333,1015.948,-0.031,0,61.2,17.9,-0.2,2.25,0,"013CAMPBELLCLIM50535VUE-500004413",0,16.5,17.09,4.999,-81.5,-81.5,19.13,19.14,0.364,0.498
"2025-11-19 00:00:00",1956,0,0,0,0,0.238,46.8,0.813,18.18,12.06667,1015.748,-0.028,0,57.7,17.4,-0.35,2.267,0,"013CAMPBELLCLIM50535VUE-500004413",0,15.98,16.17,3.714,-102.8,-102.8,17.4,17.4,0.363,0.498
"2025-11-19 01:00:00",1957,0,0,0,0,0.203,26.9,0.527,17.08,12.45,1015.481,-0.028,0,69.6,16.2,-0.283,2.367,0,"013CAMPBELLCLIM50535VUE-500004413",0,14.93,15.58,2.505,-112.5,-112.5,16.23,16.23,0.362,0.498
"2025-11-19 02:00:00",1958,0,0,0,0,0.148,24.6,0.402,15.45,12.53333,1015.148,-0.029,0,72.1,14.6,-0.25,2.333,0,"013CAMPBELLCLIM50535VUE-500004413",0,13.72,13.88,1.404,-126,-126,14.83,14.83,0.361,0.498
"2025-11-19 03:00:00",1959,0,0,0,0,0.113,34.4,0.297,14.47,12.41667,1014.731,-0.03,0,79.4,13.6,-0.35,2.367,0,"013CAMPBELLCLIM50535VUE-500004413",0,12.67,12.82,0.393,-133.3,-133.3,13.65,13.65,0.361,0.498
"2025-11-19 04:00:00",1960,0,0,0,0,0.077,70.3,0.205,13.25,12.21667,1014.464,-0.03,0,81.3,12.6,-0.417,2.317,0,"013CAMPBELLCLIM50535VUE-500004413",0,11.84,11.55,-0.551,-134.6,-134.6,12.54,12.53,0.36,0.498
"2025-11-19 05:00:00",1961,0,0,0,0,0.07,167.7,0.177,12.32,12.13333,1014.464,-0.029,0,86.1,11.6,-0.283,2.283,0,"013CAMPBELLCLIM50535VUE-500004413",0,11.09,10.51,-1.431,-146,-146,11.54,11.53,0.359,0.498
"2025-11-19 06:00:00",1962,3.833,0,0,0,0.098,211.9,0.237,11.78,11.88333,1014.481,0.004,0.525,87.4,11.4,-0.433,2.333,0.0138,"013CAMPBELLCLIM50535VUE-500004413",0,10.88,10.15,-2.259,-139.9,-139.9,10.78,10.78,0.358,0.498
"2025-11-19 07:00:00",1963,55,0,0,0,0.088,294.1,0.29,13.58,12.96667,1014.748,0.036,1.31,75.4,15.4,-0.25,2.283,0.198,"013CAMPBELLCLIM50535VUE-500004413",0,13.45,11.95,-3.036,-143.3,-143.3,11.14,11.14,0.358,0.498
"2025-11-19 08:00:00",1964,243.5,0,0,0,0.313,200.4,0.997,19.6,13.66667,1014.598,0.163,2.092,52.5,24.9,-0.217,2.267,0.8766,"013CAMPBELLCLIM50535VUE-500004413",0,18.54,19.72,-3.669,-151.1,-151.1,15.84,15.84,0.357,0.498
"2025-11-19 09:00:00",1965,422.5,0,0,0,0.478,319.3,1.457,23.12,13.41667,1014.348,0.298,2.788,44.2,28.6,-0.183,2.267,1.521,"013CAMPBELLCLIM50535VUE-500004413",0,23.46,24.45,-3.959,-147.6,-147.6,22.07,22.07,0.355,0.498
"2025-11-19 10:00:00",1966,589.3,0,0,0,0.712,318.3,1.812,25.13,13.06667,1014.314,0.43,3.332,39.8,30.1,-0.1,2.233,2.1216,"013CAMPBELLCLIM50535VUE-500004413",0,26.93,26.9,-3.635,-139.1,-139.1,26.39,26.39,0.355,0.498
"2025-11-19 11:00:00",1967,725.5,0,0,0,0.727,324.8,1.927,26.9,13.15,1013.831,0.537,3.67,36.6,31.3,0.033,2.383,2.6118,"013CAMPBELLCLIM50535VUE-500004413",0,29.92,29.35,-2.762,-152.6,-152.6,29.89,29.88,0.355,0.498
"2025-11-19 12:00:00",1968,818,0,0,0,0.727,171,2.237,28.72,13.33333,1013.298,0.615,3.783,32.9,32.7,-0.033,2.25,2.943,"013CAMPBELLCLIM50535VUE-500004413",0,33.8,32.25,-1.449,-143.7,-143.7,32.74,32.73,0.354,0.498
"2025-11-19 13:00:00",1969,853,0,0,0,0.827,169.5,2.645,29.73,13.56667,1012.731,0.647,3.659,32.2,33.3,0.017,2.233,3.0702,"013CAMPBELLCLIM50535VUE-500004413",0,36.24,33.56,0.328,-147.4,-147.4,34.55,34.54,0.353,0.498
"2025-11-19 14:00:00",1970,828,0,0,0,1.062,159.2,3.4,30.48,13.7,1012.114,0.636,3.309,31.4,33.6,0.067,2.183,2.9808,"013CAMPBELLCLIM50535VUE-500004413",0,37.73,33.91,2.517,-160.6,-160.6,35.58,35.58,0.352,0.498
"2025-11-19 15:00:00",1971,752,0,0,0,1.123,130.6,3.882,30.67,13.55,1011.848,0.572,2.766,30.8,33.7,-0.117,2.167,2.7072,"013CAMPBELLCLIM50535VUE-500004413",0,37.97,33.72,4.954,-151.7,-151.7,36.31,36.3,0.352,0.498
"2025-11-19 16:00:00",1972,618.5,0,0,0,1.02,134.2,3.082,30.5,13.66667,1011.648,0.461,2.067,30.9,33.5,0.033,2.183,2.2266,"013CAMPBELLCLIM50535VUE-500004413",0,36.48,33.06,7.08,-164,-164,36.48,36.48,0.35,0.498
"2025-11-19 17:00:00",1973,459.2,0,0,0,1.023,142.7,3.528,30.02,13.03333,1011.464,0.335,1.282,31.8,32.9,0,2.217,1.653,"013CAMPBELLCLIM50535VUE-500004413",0,34.11,32.1,8.27,-163.4,-163.4,35.74,35.74,0.35,0.498
"2025-11-19 18:00:00",1974,282.2,0,0,0,1.032,149.3,3.215,28.78,13.33333,1011.264,0.195,0.496,36.4,30.7,-0.017,2.267,1.0158,"013CAMPBELLCLIM50535VUE-500004413",0,30.83,30.21,8.56,-181.5,-181.5,34.05,34.05,0.348,0.498
"2025-11-19 19:00:00",1975,66.33,0,0,0,0.947,127.7,3.012,26.2,14.01667,1011.681,0.03,0,44.7,25.9,-0.117,2.25,0.2388,"013CAMPBELLCLIM50535VUE-500004413",0,24.9,26.28,8.24,-181.2,-181.2,30.46,30.45,0.347,0.498
"2025-11-19 20:00:00",1976,5,0,0,0,0.722,111.2,2.645,22.48,13.61667,1012.664,-0.006,0,52.7,21.5,-0.283,2.233,0.018,"013CAMPBELLCLIM50535VUE-500004413",0,20.83,21.91,7.536,-190.1,-190.1,25.86,25.86,0.346,0.498
"2025-11-19 21:00:00",1977,0,0,0,0,0.703,137.3,2.443,20,13.1,1013.531,-0.011,0,59,19.5,-0.2,2.267,0,"013CAMPBELLCLIM50535VUE-500004413",0,18.73,19.32,6.54,-194.8,-194.8,22.1,22.1,0.345,0.498
"2025-11-19 22:00:00",1978,0,0,0,0,0.583,128,1.632,18.77,13.3,1014.114,-0.016,0,62.5,18.3,-0.15,2.317,0,"013CAMPBELLCLIM50535VUE-500004413",0,17.64,18.06,5.33,-185,-185,19.7,19.7,0.344,0.498
"2025-11-19 23:00:00",1979,0,0,0,0,0.565,111.1,1.923,17.82,13.15,1014.281,-0.017,0,66.8,17.2,-0.317,2.3,0,"013CAMPBELLCLIM50535VUE-500004413",0,16.61,17.13,4.073,-175.5,-175.5,18.13,18.13,0.344,0.498
"2025-11-20 00:00:00",1980,0,0,0,0,0.317,120.1,1.042,16.28,12.76667,1014.314,-0.025,0,70.4,15.6,-0.3,2.317,0,"013CAMPBELLCLIM50535VUE-500004413",0,14.8,15.22,2.906,-182.4,-182.4,16.54,16.55,0.343,0.497
"2025-11-20 01:00:00",1981,0,0,0,0,0.172,101.8,0.467,15.08,12.71667,1013.898,-0.028,0,77.1,14.3,-0.367,2.233,0,"013CAMPBELLCLIM50535VUE-500004413",0,13.63,13.7,1.817,-179.5,-179.5,15.04,15.04,0.342,0.497
"2025-11-20 02:00:00",1982,0,0,0,0,0.132,14.6,0.305,14.37,12.9,1013.481,-0.029,0,79.5,13.9,-0.383,2.317,0,"013CAMPBELLCLIM50535VUE-500004413",0,13.51,12.75,0.778,-182.8,-182.8,13.92,13.91,0.341,0.497
"2025-11-20 03:00:00",1983,0,0,0,0,0.143,86.8,0.392,14.33,13,1013.548,-0.029,0,80.3,13.9,-0.3,2.25,0,"013CAMPBELLCLIM50535VUE-500004413",0,13.28,12.88,-0.2,-194,-194,13.43,13.43,0.34,0.497
"2025-11-20 04:00:00",1984,0,0,0,0,0.138,297.7,0.345,13.65,12.85,1013.631,-0.028,0,79.5,13,-0.417,2.317,0,"013CAMPBELLCLIM50535VUE-500004413",0,12.67,12.2,-1.073,-192.9,-192.9,12.8,12.79,0.339,0.497
"2025-11-20 05:00:00",1985,0,0,0,0,0.553,270.3,1.433,14.63,12.81667,1014.081,-0.02,0,76.7,14.3,-0.35,2.267,0,"013CAMPBELLCLIM50535VUE-500004413",0,14.21,13.94,-1.84,-182.8,-182.8,12.95,12.96,0.338,0.497
"2025-11-20 06:00:00",1986,3,0,0,0,0.25,312.5,0.627,14.75,12.98333,1014.398,0.007,0.525,76,14.5,-0.267,2.383,0.0108,"013CAMPBELLCLIM50535VUE-500004413",0,14.36,14.12,-2.519,-180.4,-180.4,13.51,13.5,0.337,0.497
"2025-11-20 07:00:00",1987,50,0,0,0,0.272,275.8,0.835,15.42,13.23333,1014.814,0.037,1.312,74.6,16,-0.317,2.417,0.18,"013CAMPBELLCLIM50535VUE-500004413",0,15.65,15.21,-3.028,-168.8,-168.8,14.19,14.18,0.336,0.498
"2025-11-20 08:00:00",1988,163.2,0,0,0,0.438,153.8,1.537,16.43,13.68333,1015.248,0.112,2.095,72.4,18.6,-0.283,2.283,0.5874,"013CAMPBELLCLIM50535VUE-500004413",0,17.74,17.42,-3.359,-174,-174,15.97,15.97,0.336,0.498
"2025-11-20 09:00:00",1989,247.8,0,0,0,0.52,160.4,1.957,17.73,14.26667,1015.364,0.169,2.783,67.6,20.7,-0.333,2.333,0.8922,"013CAMPBELLCLIM50535VUE-500004413",0,19.84,19.3,-3.43,-177.1,-177.1,18.41,18.41,0.336,0.498
"2025-11-20 10:00:00",1990,309,0,0,0,0.708,192.8,2.43,18.83,14.45,1015.564,0.216,3.319,65.5,21.8,-0.183,2.383,1.1124,"013CAMPBELLCLIM50535VUE-500004413",0,21.82,20.75,-3.199,-179.2,-179.2,20.74,20.73,0.335,0.498
"2025-11-20 11:00:00",1991,338.2,0,0,0,0.727,186.1,2.422,19.47,14.58333,1015.548,0.24,3.657,64,22.7,-0.167,2.267,1.2174,"013CAMPBELLCLIM50535VUE-500004413",0,22.81,21.81,-2.706,-165.4,-165.4,22.49,22.48,0.334,0.498
"2025-11-20 12:00:00",1992,335.7,0,0,0,0.645,118.1,1.875,20.43,14.8,1015.564,0.244,3.768,59.8,23.6,-0.283,2.233,1.2084,"013CAMPBELLCLIM50535VUE-500004413",0,23.85,22.91,-2.047,-167.4,-167.4,23.69,23.69,0.333,0.498
"2025-11-20 13:00:00",1993,252.5,0,0,0,0.825,166.3,2.638,20.45,14.73333,1015.648,0.197,3.649,62.7,22.1,-0.133,2.283,0.909,"013CAMPBELLCLIM50535VUE-500004413",0,22.38,22.09,-1.315,-156.4,-156.4,24.08,24.08,0.332,0.498
"2025-11-20 14:00:00",1994,152.3,0,0,0,0.802,165.9,2.608,19.9,14,1015.864,0.128,3.313,59.7,21.1,-0.25,2.267,0.5484,"013CAMPBELLCLIM50535VUE-500004413",0,20.8,20.53,-0.667,-161.5,-161.5,22.95,22.95,0.331,0.498
"2025-11-20 15:00:00",1995,97.8,0,0,0,0.758,149.8,2.493,19.6,13.9,1016.014,0.089,2.771,61.2,20,-0.233,2.267,0.3522,"013CAMPBELLCLIM50535VUE-500004413",0,19.71,19.91,-0.332,-144.2,-144.2,21.85,21.85,0.33,0.498
"2025-11-20 16:00:00",1996,50,0,0,0,0.387,72.9,1.142,19.25,13.98333,1015.414,0.046,2.073,62.8,19.7,-0.283,2.25,0.18,"013CAMPBELLCLIM50535VUE-500004413",0,19.15,19.09,-0.311,-115.7,-115.7,20.55,20.56,0.329,0.498
"2025-11-20 17:00:00",1997,80.7,0,0,0,0.447,117.3,1.36,19.22,14.15,1015.081,0.068,1.286,63.2,19.9,-0.167,2.3,0.2904,"013CAMPBELLCLIM50535VUE-500004413",0,19.35,19.4,-0.493,-117.5,-117.5,20.15,20.15,0.328,0.498
"2025-11-20 18:00:00",1998,98,0,0,0,0.39,103.7,1.392,19.58,14.06667,1014.831,0.041,0.504,60.6,20.7,-0.15,2.2,0.3528,"013CAMPBELLCLIM50535VUE-500004413",0,20.19,20.1,-0.716,-101.1,-101.1,20.24,20.24,0.326,0.498
"2025-11-20 19:00:00",1999,84.2,0,0,0,0.278,28.7,0.853,20.32,14.41667,1014.381,0.04,0,59.1,21,-0.117,2.267,0.303,"013CAMPBELLCLIM50535VUE-500004413",0,19.9,20.72,-0.867,-82.3,-82.3,20.65,20.64,0.325,0.498
"2025-11-20 20:00:00",2000,12.5,0,0,0,0.182,80.2,0.433,18.63,14.4,1014.481,0.01,0,73.4,17.4,-0.283,2.333,0.045,"013CAMPBELLCLIM50535VUE-500004413",0,15.82,17.69,-0.922,-76.06,-76.06,19.31,19.31,0.324,0.498
"2025-11-20 21:00:00",2001,0,0,0,0,0.258,89.4,0.705,16.53,13.88333,1014.731,0.005,0,71.9,16.1,-0.333,2.333,0,"013CAMPBELLCLIM50535VUE-500004413",0,14.76,14.91,-1.075,-63.85,-63.85,16.67,16.67,0.323,0.497
"2025-11-20 22:00:00",2002,0,0,0,0,0.167,38.5,0.455,15.18,13.9,1015.114,0.003,0,84.4,14.1,-0.267,2.317,0,"013CAMPBELLCLIM50535VUE-500004413",0,12.97,13.93,-1.497,-54.91,-54.91,15.15,15.15,0.322,0.497
"2025-11-20 23:00:00",2003,0,0,0,0,0.2,53.4,0.578,13.93,13.48333,1015.214,0.002,0,85.5,13.6,-0.317,2.283,0,"013CAMPBELLCLIM50535VUE-500004413",0,12.55,12.36,-2.049,-42.72,-42.72,13.4,13.41,0.321,0.497
"2025-11-21 00:00:00",2004,0,0,0,0,0.107,60.3,0.262,12.75,13.28333,1014.648,0.001,0,91.7,11.9,-0.4,2.283,0,"013CAMPBELLCLIM50535VUE-500004413",0,11.11,11.55,-2.672,-33.29,-33.29,12.31,12.32,0.321,0.497
"2025-11-21 01:00:00",2005,0,0,0,0,0.105,283.9,0.243,11.68,12.98333,1014.164,0.001,0,95.5,11,-0.317,2.333,0,"013CAMPBELLCLIM50535VUE-500004413",0,10.41,10.45,-3.31,-20.45,-20.45,11.13,11.13,0.32,0.497
"2025-11-21 02:00:00",2006,0,0,0,0,0.102,301.2,0.222,10.98,12.68333,1013.531,0.001,0,97.6,10.4,-0.383,2.283,0,"013CAMPBELLCLIM50535VUE-500004413",0,9.94,9.85,-3.943,-37.75,-37.75,10.26,10.26,0.319,0.497
"2025-11-21 03:00:00",2007,0,0,0,0,0.235,47.2,0.64,11.85,13,1013.348,0.001,0,96,11.3,-0.35,2.25,0,"013CAMPBELLCLIM50535VUE-500004413",0,10.77,10.71,-4.553,-11.61,-11.61,10.06,10.06,0.318,0.497
"2025-11-21 04:00:00",2008,0,0,0,0,0.122,283.4,0.265,10.68,12.48333,1013.031,0.001,0,96.7,9.9,-0.4,2.367,0,"013CAMPBELLCLIM50535VUE-500004413",0,9.34,9.59,-5.101,4.621,4.621,9.61,9.61,0.318,0.497
"2025-11-21 05:00:00",2009,0,0,0,0,0.193,350.8,0.482,10.85,12.48333,1012.981,0.001,0,97.4,10,-0.383,2.35,0,"013CAMPBELLCLIM50535VUE-500004413",0,9.42,9.72,-5.58,11.62,11.62,9.25,9.26,0.317,0.497
"2025-11-21 06:00:00",2010,4.167,0.017,0,0,0.102,186.2,0.237,9.68,11.88333,1013.164,0.003,0.531,98.6,9.2,-0.417,2.283,0.015,"013CAMPBELLCLIM50535VUE-500004413",0,8.63,8.63,-6.044,4.068,4.068,8.67,8.68,0.316,0.497
"2025-11-21 07:00:00",2011,71,0.017,0,0,0.117,349.4,0.298,10.97,12.91667,1013.364,0.042,1.316,100,13.7,-0.4,2.317,0.2556,"013CAMPBELLCLIM50535VUE-500004413",0,11.11,10.21,-6.489,14.9,14.9,9.01,9.01,0.315,0.497
"2025-11-21 08:00:00",2012,249.3,0,0,0,0.283,335.5,0.755,16.93,16.01667,1013.398,0.154,2.078,72.7,22.3,-0.3,2.333,0.8976,"013CAMPBELLCLIM50535VUE-500004413",0,16.12,16.14,-6.855,20.55,20.55,13.24,13.24,0.314,0.497
"2025-11-21 09:00:00",2013,418.7,0,0,0,0.53,21.1,1.185,20.65,15.25,1013.248,0.281,2.775,56.7,26.2,-0.233,2.367,1.5072,"013CAMPBELLCLIM50535VUE-500004413",0,21.09,21.66,-6.881,0.418,0.418,19.23,19.23,0.312,0.497
"2025-11-21 10:00:00",2014,593.3,0,0,0,0.575,322.8,1.588,23.83,14.31667,1012.881,0.419,3.323,45.6,29,-0.117,2.25,2.136,"013CAMPBELLCLIM50535VUE-500004413",0,25.21,25.75,-6.326,15.77,15.77,24.41,24.4,0.311,0.497
"2025-11-21 11:00:00",2015,727,0,0,0,0.688,122.9,1.648,27.07,14.18333,1012.598,0.538,3.665,36.8,31.7,-0.033,2.283,2.6172,"013CAMPBELLCLIM50535VUE-500004413",0,29.36,29.77,-5.239,27.75,27.75,28.83,28.82,0.31,0.497
"2025-11-21 12:00:00",2016,823,0,0,0,0.865,143.4,2.453,29.07,13.05,1012.164,0.627,3.796,29.9,32.9,0,2.333,2.9628,"013CAMPBELLCLIM50535VUE-500004413",0,33.57,32.58,-3.694,11.83,11.83,32.41,32.41,0.309,0.497
"2025-11-21 13:00:00",2017,873,0,0,0,0.913,143.5,3.685,30.77,11.63333,1011.764,0.673,3.698,23.8,34.3,0,2.283,3.1428,"013CAMPBELLCLIM50535VUE-500004413",0,36.94,34.63,-1.653,6.117,6.117,34.62,34.62,0.308,0.497
"2025-11-21 14:00:00",2018,849,0,0,0,0.947,127.2,3.065,32.12,10.61667,1011.381,0.658,3.365,21.7,35.6,0.05,2.317,3.0546,"013CAMPBELLCLIM50535VUE-500004413",0,38.73,35.86,0.781,-4.934,-4.934,36.34,36.34,0.307,0.497
"2025-11-21 15:00:00",2019,762.3,0,0,0,1.118,172.1,3.467,32.5,10.63333,1010.998,0.592,2.818,20.8,35.6,0.05,2.25,2.7444,"013CAMPBELLCLIM50535VUE-500004413",0,38.94,35.85,3.366,-11.92,-11.92,37.71,37.71,0.306,0.497
"2025-11-21 16:00:00",2020,638.5,0,0,0,0.86,158.1,2.882,32.92,9.283333,1010.631,0.475,2.129,17.9,36.1,0,2.2,2.2986,"013CAMPBELLCLIM50535VUE-500004413",0,38.97,35.91,5.633,-24.52,-24.52,38.21,38.21,0.305,0.497
"2025-11-21 17:00:00",2021,472,0,0,0,0.867,178.4,3.453,32.3,9.983334,1010.448,0.341,1.323,20.7,35.3,0,2.283,1.6992,"013CAMPBELLCLIM50535VUE-500004413",0,35.96,34.6,7.031,-16.92,-16.92,37.79,37.79,0.304,0.497
"2025-11-21 18:00:00",2022,296.7,0,0,0,0.673,136.7,2.287,31.72,10.76667,1010.631,0.189,0.523,24.4,34.1,0.067,2.2,1.068,"013CAMPBELLCLIM50535VUE-500004413",0,33.1,33.25,7.522,4.799,4.799,36.34,36.34,0.304,0.497
"2025-11-21 19:00:00",2023,77.33,0,0,0,0.663,111.1,2.21,29.28,9.633333,1011.181,0.025,0,25.7,28.7,-0.033,2.117,0.2784,"013CAMPBELLCLIM50535VUE-500004413",0,26.85,29.29,7.404,9.91,9.91,33.08,33.08,0.303,0.497
"2025-11-21 20:00:00",2024,5.833,0,0,0,0.573,115.4,1.962,25.43,10.11667,1011.914,-0.01,0,34.6,24.2,-0.233,2.25,0.021,"013CAMPBELLCLIM50535VUE-500004413",0,22.87,24.45,6.866,34.65,34.65,28.19,28.19,0.302,0.497
"2025-11-21 21:00:00",2025,0,0,0,0,0.373,112.8,1.31,22.47,10.33333,1012.831,-0.023,0,39.2,21.4,-0.133,2.3,0,"013CAMPBELLCLIM50535VUE-500004413",0,19.94,21.07,5.99,52.07,52.07,24.12,24.12,0.301,0.497
"2025-11-21 22:00:00",2026,0,0,0,0,0.285,40.9,0.942,20.5,10.3,1013.464,-0.027,0,46.3,19.4,-0.283,2.3,0,"013CAMPBELLCLIM50535VUE-500004413",0,17.84,19,4.874,78.6,78.6,21.21,21.2,0.3,0.497
"2025-11-21 23:00:00",2027,0,0,0,0,0.22,71.9,0.452,18.32,10.88333,1013.898,-0.029,0,55.7,17.3,-0.217,2.25,0,"013CAMPBELLCLIM50535VUE-500004413",0,15.77,16.53,3.675,83.8,83.8,18.72,18.72,0.299,0.497
"2025-11-22 00:00:00",2028,0,0,0,0,0.173,77.4,0.418,16.72,11.2,1013.998,-0.03,0,61.3,16,-0.3,2.317,0,"013CAMPBELLCLIM50535VUE-500004413",0,14.65,14.97,2.467,103.3,103.3,16.65,16.65,0.298,0.497
"2025-11-22 01:00:00",2029,0,0,0,0,0.162,172.4,0.403,15.67,11.15,1013.948,-0.03,0,61.4,15,-0.3,2.283,0,"013CAMPBELLCLIM50535VUE-500004413",0,13.91,14.03,1.298,98.3,98.3,15.12,15.12,0.297,0.496
"2025-11-22 02:00:00",2030,0,0,0,0,0.107,136.2,0.262,14.43,11,1013.331,-0.031,0,67.8,13.6,-0.333,2.35,0,"013CAMPBELLCLIM50535VUE-500004413",0,12.71,12.98,0.215,91.5,91.5,13.87,13.87,0.296,0.496
"2025-11-22 03:00:00",2031,0,0,0,0,0.105,281,0.223,13.08,11.05,1013.014,-0.03,0,74.4,12.4,-0.367,2.283,0,"013CAMPBELLCLIM50535VUE-500004413",0,11.75,11.55,-0.79,87.7,87.7,12.55,12.55,0.295,0.496
"2025-11-22 04:00:00",2032,0,0,0,0,0.383,222.7,1.087,14.73,10.23333,1012.748,-0.022,0,60.3,14.3,-0.35,2.317,0,"013CAMPBELLCLIM50535VUE-500004413",0,13.63,13.54,-1.734,92.9,92.9,12.33,12.32,0.294,0.496
"2025-11-22 05:00:00",2033,0,0,0,0,0.197,174.5,0.683,13.42,10.26667,1013.098,-0.028,0,71.3,12.7,-0.333,2.35,0,"013CAMPBELLCLIM50535VUE-500004413",0,11.43,12.37,-2.596,82.5,82.5,12.14,12.15,0.293,0.496
"2025-11-22 06:00:00",2034,3.833,0,0,0,0.128,155.9,0.307,11.9,10.46667,1013.314,0.005,0.538,79,11.4,-0.3,2.317,0.0138,"013CAMPBELLCLIM50535VUE-500004413",0,10.51,10.65,-3.33,81.9,81.9,11.11,11.11,0.292,0.496
"2025-11-22 07:00:00",2035,63,0,0,0,0.185,295.2,0.465,13.02,11.13333,1013.614,0.042,1.33,61.4,15.8,-0.283,2.383,0.2268,"013CAMPBELLCLIM50535VUE-500004413",0,12.89,11.74,-4.017,80.8,80.8,11.04,11.04,0.291,0.496
"2025-11-22 08:00:00",2036,244.2,0,0,0,0.53,355.5,1.462,19.28,11.31667,1013.298,0.171,2.122,45.6,24.4,-0.233,2.317,0.879,"013CAMPBELLCLIM50535VUE-500004413",0,18.51,19.15,-4.609,80.7,80.7,16.09,16.09,0.29,0.497
"2025-11-22 09:00:00",2037,422.7,0,0,0,0.613,238.2,1.677,23.87,11.73333,1013.014,0.308,2.816,37,29.3,-0.15,2.267,1.5216,"013CAMPBELLCLIM50535VUE-500004413",0,24.59,24.66,-4.87,62.88,62.88,22.19,22.18,0.289,0.497
"2025-11-22 10:00:00",2038,591,0,0,0,0.582,91.8,1.46,26.83,12.08333,1012.948,0.439,3.355,32.9,32,-0.083,2.283,2.1276,"013CAMPBELLCLIM50535VUE-500004413",0,28.02,28.29,-4.471,37.92,37.92,27.29,27.28,0.287,0.497
"2025-11-22 11:00:00",2039,725.8,0,0,0,0.658,121.9,2.002,29.3,12.35,1012.798,0.554,3.694,29.6,33.7,-0.033,2.283,2.613,"013CAMPBELLCLIM50535VUE-500004413",0,31.93,32.02,-3.412,63.41,63.41,31.62,31.62,0.286,0.497
"2025-11-22 12:00:00",2040,815,0,0,0,0.883,179.2,2.737,30.27,12.4,1012.831,0.633,3.81,29.4,33.8,0.05,2.2,2.9346,"013CAMPBELLCLIM50535VUE-500004413",0,34.71,33.76,-1.857,63.15,63.15,34.5,34.5,0.284,0.497
"2025-11-22 13:00:00",2041,854,0,0,0,0.888,141.5,3.203,31.28,12.88333,1012.531,0.664,3.685,26.6,34.8,-0.017,2.317,3.0732,"013CAMPBELLCLIM50535VUE-500004413",0,37.21,34.7,0.132,41.49,41.49,35.85,35.85,0.283,0.497
"2025-11-22 14:00:00",2042,843,0,0,0,0.997,164,3.078,32.15,12.25,1012.281,0.658,3.35,24.6,35.4,0.117,2.267,3.0354,"013CAMPBELLCLIM50535VUE-500004413",0,39.54,35.62,2.424,46.16,46.16,36.99,36.98,0.282,0.497
"2025-11-22 15:00:00",2043,765.5,0,0,0,1.003,168.1,3.288,32.82,11.55,1012.164,0.591,2.814,22.7,36,-0.017,2.217,2.7558,"013CAMPBELLCLIM50535VUE-500004413",0,39.6,36.38,4.807,62.3,62.3,38.11,38.11,0.281,0.497
"2025-11-22 16:00:00",2044,641.7,0,0,0,1.023,143.6,3.17,32.77,10.8,1011.948,0.49,2.122,22.4,35.8,0.083,2.2,2.31,"013CAMPBELLCLIM50535VUE-500004413",0,38.46,35.52,6.895,75.25,75.25,38.43,38.43,0.279,0.497
"2025-11-22 17:00:00",2045,480.2,0,0,0,1.057,149.3,3.547,32.25,11.51667,1011.698,0.362,1.323,24.9,35,-0.05,2.117,1.7286,"013CAMPBELLCLIM50535VUE-500004413",0,35.96,34.51,8.12,102.9,102.9,37.82,37.82,0.278,0.497
"2025-11-22 18:00:00",2046,299.8,0,0,0,0.992,149.8,3.092,30.87,11,1011.831,0.211,0.532,25.2,32.8,0,2.15,1.0794,"013CAMPBELLCLIM50535VUE-500004413",0,32.68,32.24,8.45,121.7,121.7,36.1,36.1,0.277,0.497
"2025-11-22 19:00:00",2047,80.7,0,0,0,0.78,102.1,2.795,28.18,11.13333,1012.464,0.032,0,33.1,27.7,-0.033,2.283,0.2904,"013CAMPBELLCLIM50535VUE-500004413",0,26.34,28.17,8.17,143.4,143.4,32.53,32.53,0.276,0.497
"2025-11-22 20:00:00",2048,5.833,0,0,0,0.635,90.4,2.255,24.42,11.15,1013.248,-0.007,0,40.2,23.3,-0.167,2.283,0.021,"013CAMPBELLCLIM50535VUE-500004413",0,22.13,23.52,7.48,176.5,176.5,27.51,27.51,0.275,0.496
"2025-11-22 21:00:00",2049,0,0,0,0,0.472,108.6,1.498,21.85,11.73333,1013.864,-0.018,0,47.7,21,-0.217,2.217,0,"013CAMPBELLCLIM50535VUE-500004413",0,19.9,20.79,6.483,193.8,193.8,23.63,23.63,0.274,0.496
"2025-11-22 22:00:00",2050,0,0,0,0,0.432,108.5,1.635,20.17,12.16667,1014.248,-0.02,0,54.2,19.4,-0.3,2.35,0,"013CAMPBELLCLIM50535VUE-500004413",0,18.36,19.16,5.321,204.9,204.9,20.97,20.97,0.273,0.496
"2025-11-22 23:00:00",2051,0,0,0,0,0.275,39.3,1.052,18.65,12.4,1014.331,-0.026,0,61.1,17.7,-0.3,2.317,0,"013CAMPBELLCLIM50535VUE-500004413",0,16.85,17.4,4.135,203.8,203.8,18.88,18.88,0.273,0.496
"2025-11-23 00:00:00",2052,0,0,0,0,0.218,65.7,0.727,17.28,12.43333,1013.964,-0.028,0,66.6,16.5,-0.3,2.217,0,"013CAMPBELLCLIM50535VUE-500004413",0,15.39,15.85,3.014,202.3,202.3,17.1,17.11,0.272,0.496
"2025-11-23 01:00:00",2053,0,0,0,0,0.138,154.5,0.462,16.05,12.25,1013.431,-0.03,0,69.6,15.2,-0.333,2.267,0,"013CAMPBELLCLIM50535VUE-500004413",0,14.32,14.37,1.926,219.9,219.9,15.59,15.59,0.271,0.496
"2025-11-23 02:00:00",2054,0,0,0,0,0.095,70.8,0.237,14.42,12.33333,1013.114,-0.03,0,78.6,13.5,-0.25,2.283,0,"013CAMPBELLCLIM50535VUE-500004413",0,12.71,12.83,0.878,208.9,208.9,14.11,14.11,0.27,0.496
"2025-11-23 03:00:00",2055,0,0,0,0,0.062,219.6,0.145,13,12.28333,1012.681,-0.03,0,85.5,12.3,-0.3,2.233,0,"013CAMPBELLCLIM50535VUE-500004413",0,11.72,11.37,-0.125,188.9,188.9,12.64,12.64,0.269,0.496
"2025-11-23 04:00:00",2056,0,0,0,0,0.078,239.5,0.182,12.1,12.43333,1012.531,-0.029,0,89.4,11.4,-0.433,2.283,0,"013CAMPBELLCLIM50535VUE-500004413",0,11.04,10.49,-1.088,204.6,204.6,11.54,11.54,0.268,0.496
"2025-11-23 05:00:00",2057,0,0,0,0,0.235,284.7,0.647,12.8,12.2,1012.548,-0.026,0,79.9,12.6,-0.367,2.267,0,"013CAMPBELLCLIM50535VUE-500004413",0,12.18,11.3,-1.99,210.9,210.9,11.01,11.02,0.267,0.496
"2025-11-23 06:00:00",2058,4.5,0,0,0,0.163,16.8,0.593,12.95,12.3,1012.698,0.005,0.536,86.7,12.2,-0.433,2.383,0.0162,"013CAMPBELLCLIM50535VUE-500004413",0,11.66,12.1,-2.8,199.7,199.7,11.23,11.23,0.267,0.496
"2025-11-23 07:00:00",2059,67.67,0,0,0,0.203,347,0.538,13.58,12.93333,1012.814,0.045,1.321,78.9,15.9,-0.383,2.317,0.2436,"013CAMPBELLCLIM50535VUE-500004413",0,13.3,12.53,-3.476,179.7,179.7,11.56,11.56,0.266,0.496
"2025-11-23 08:00:00",2060,243.8,0,0,0,0.448,353.1,0.987,17.8,14,1012.431,0.158,2.099,62.4,23,-0.167,2.267,0.8778,"013CAMPBELLCLIM50535VUE-500004413",0,17.18,17.79,-4.017,177.9,177.9,15.92,15.92,0.265,0.496
"2025-11-23 09:00:00",2061,422.5,0,0,0,0.447,21,1.245,21.5,14.18333,1012.198,0.288,2.79,51,27.2,-0.2,2.333,1.521,"013CAMPBELLCLIM50535VUE-500004413",0,22.32,22.76,-4.244,162.2,162.2,21.13,21.12,0.264,0.496
"2025-11-23 10:00:00",2062,593.2,0,0,0,0.537,81.2,1.573,24.88,14.18333,1011.948,0.426,3.331,41.6,30.5,-0.167,2.3,2.1354,"013CAMPBELLCLIM50535VUE-500004413",0,26.87,27.11,-3.894,159.8,159.8,25.87,25.86,0.263,0.496
"2025-11-23 11:00:00",2063,725.3,0,0,0,0.74,130.1,2.443,26.97,15.06667,1011.998,0.538,3.662,41.2,30.8,-0.083,2.233,2.6112,"013CAMPBELLCLIM50535VUE-500004413",0,29.98,29.95,-2.932,149.5,149.5,30.13,30.12,0.261,0.497
"2025-11-23 12:00:00",2064,820,0,0,0,0.893,167.1,2.707,27.55,15.13333,1011.881,0.61,3.777,40.8,31,-0.133,2.283,2.9502,"013CAMPBELLCLIM50535VUE-500004413",0,32.37,30.77,-1.499,130.4,130.4,32.41,32.4,0.26,0.496
"2025-11-23 13:00:00",2065,864,0,0,0,1.078,173.4,3.593,28.55,15.96667,1011.514,0.651,3.651,41.2,31.8,-0.117,2.25,3.1092,"013CAMPBELLCLIM50535VUE-500004413",0,34.86,31.75,0.305,80.1,80.1,33.47,33.47,0.259,0.496
"2025-11-23 14:00:00",2066,848,0,0,0,1.175,177,4.333,28.97,16.25,1011.264,0.638,3.308,40.1,32.3,0,2.15,3.051,"013CAMPBELLCLIM50535VUE-500004413",0,35.97,32.07,2.425,76.5,76.5,34.1,34.1,0.258,0.496
"2025-11-23 15:00:00",2067,770.7,0,0,0,1.125,127.4,3.532,28.95,15.65,1010.914,0.57,2.777,38,32,-0.067,2.117,2.7744,"013CAMPBELLCLIM50535VUE-500004413",0,36.02,32.03,4.689,55.05,55.05,34.75,34.75,0.257,0.496
"2025-11-23 16:00:00",2068,641,0,0,0,1.063,137.2,3.305,29.73,16.18333,1010.498,0.476,2.085,39.5,32.8,-0.167,2.283,2.3076,"013CAMPBELLCLIM50535VUE-500004413",0,36.06,32.64,6.68,29.97,29.97,35.36,35.35,0.256,0.496
"2025-11-23 17:00:00",2069,480.2,0,0,0,1.168,135.1,3.658,28.63,15.96667,1010.414,0.35,1.307,43,31.4,-0.083,2.133,1.7286,"013CAMPBELLCLIM50535VUE-500004413",0,33.19,31.01,7.81,29.61,29.61,34.73,34.73,0.255,0.496
"2025-11-23 18:00:00",2070,300.5,0,0,0,1.008,131.4,3.253,27.63,16.18333,1010.231,0.203,0.53,45.4,30,-0.133,2.183,1.0818,"013CAMPBELLCLIM50535VUE-500004413",0,30.23,29.02,8.1,22.13,22.13,33.02,33.03,0.254,0.496
"2025-11-23 19:00:00",2071,83.5,0,0,0,0.952,125.6,3.212,25.12,15.71667,1010.681,0.032,0,52.6,25,-0.183,2.267,0.3006,"013CAMPBELLCLIM50535VUE-500004413",0,24.16,25.27,7.786,64.88,64.88,29.83,29.83,0.253,0.496
"2025-11-23 20:00:00",2072,6.667,0,0,0,0.743,128.6,2.758,21.72,15.05,1011.514,-0.007,0,61.2,21,-0.25,2.35,0.024,"013CAMPBELLCLIM50535VUE-500004413",0,20.44,21.18,7.08,45.23,45.23,25.16,25.16,0.252,0.496
"2025-11-23 21:00:00",2073,0,0,0,0,0.448,113.4,1.555,19.65,14.85,1012.081,-0.02,0,67.6,19,-0.283,2.233,0,"013CAMPBELLCLIM50535VUE-500004413",0,18.26,18.78,6.056,45.66,45.66,21.58,21.58,0.252,0.496
"2025-11-23 22:00:00",2074,0,0,0,0,0.403,96.3,1.437,18.07,14.53333,1012.598,-0.022,0,72.2,17.3,-0.217,2.25,0,"013CAMPBELLCLIM50535VUE-500004413",0,16.91,17.19,4.858,57.97,57.97,19.11,19.11,0.251,0.496
"2025-11-23 23:00:00",2075,0,0,0,0,0.298,101.1,1.435,16.8,14.33333,1012.814,-0.025,0,76.6,16.2,-0.35,2.283,0,"013CAMPBELLCLIM50535VUE-500004413",0,15.58,15.83,3.666,41.47,41.47,17.2,17.2,0.25,0.496
"2025-11-24 00:00:00",2076,0,0,0,0,0.248,120.5,1.032,15.73,14.11667,1012.964,-0.026,0,80.6,15.1,-0.3,2.183,0,"013CAMPBELLCLIM50535VUE-500004413",0,14.57,14.69,2.54,23.52,23.52,15.76,15.76,0.25,0.496
"2025-11-24 01:00:00",2077,0,0,0,0,0.198,99.5,0.732,14.82,13.9,1012.748,-0.027,0,83.7,14.3,-0.35,2.3,0,"013CAMPBELLCLIM50535VUE-500004413",0,13.7,13.6,1.498,-0.039,-0.039,14.52,14.53,0.249,0.496
"2025-11-24 02:00:00",2078,0,0,0,0,0.27,141.3,1.05,14.2,13.75,1012.314,-0.026,0,86.4,13.6,-0.433,2.267,0,"013CAMPBELLCLIM50535VUE-500004413",0,13.34,13.2,0.527,-20.27,-20.27,13.67,13.67,0.248,0.496
"2025-11-24 03:00:00",2079,0,0,0,0,0.243,150.5,0.952,13.28,13.5,1011.931,-0.026,0,90.1,12.7,-0.433,2.4,0,"013CAMPBELLCLIM50535VUE-500004413",0,12.45,12.35,-0.346,-25.71,-25.71,12.87,12.87,0.247,0.496
"2025-11-24 04:00:00",2080,0,0,0,0,0.172,144.9,0.593,12.55,13.31667,1011.831,-0.027,0,92.8,12,-0.4,2.317,0,"013CAMPBELLCLIM50535VUE-500004413",0,11.59,11.44,-1.144,-27.68,-27.68,12.05,12.06,0.247,0.496
"2025-11-24 05:00:00",2081,0,0,0,0,0.088,5.8,0.323,11.78,13.16667,1011.914,-0.028,0,96.7,11.3,-0.4,2.333,0,"013CAMPBELLCLIM50535VUE-500004413",0,10.9,10.62,-1.896,-33.81,-33.81,11.32,11.32,0.246,0.496
"2025-11-24 06:00:00",2082,5,0,0,0,0.068,189.5,0.157,11.05,12.75,1012.198,0.004,0.537,97.4,10.7,-0.417,2.317,0.018,"013CAMPBELLCLIM50535VUE-500004413",0,10.58,9.97,-2.62,-40.33,-40.33,10.57,10.57,0.245,0.496
"2025-11-24 07:00:00",2083,70.83,0,0,0,0.267,347.1,0.623,12.2,13.78333,1012.448,0.043,1.318,93.3,14.1,-0.367,2.25,0.255,"013CAMPBELLCLIM50535VUE-500004413",0,12.59,11.5,-3.322,-40.35,-40.35,10.93,10.93,0.245,0.496
"2025-11-24 08:00:00",2084,227.2,0,0,0,0.518,39.2,1.22,15.33,15.16667,1012.264,0.137,2.091,82.6,19.9,-0.35,2.417,0.8178,"013CAMPBELLCLIM50535VUE-500004413",0,15.65,15.58,-3.914,-64.05,-64.05,14.33,14.33,0.244,0.496
"2025-11-24 09:00:00",2085,400.7,0,0,0,0.475,125.1,1.338,18.55,15.78333,1012.114,0.256,2.776,69.4,24.2,-0.267,2.3,1.4424,"013CAMPBELLCLIM50535VUE-500004413",0,20.29,20.03,-4.184,-71.25,-71.25,18.81,18.81,0.243,0.496
"2025-11-24 10:00:00",2086,566.5,0,0,0,0.637,170,2.005,20.98,16.11667,1012.048,0.379,3.309,62.3,25.8,-0.217,2.233,2.0394,"013CAMPBELLCLIM50535VUE-500004413",0,23.61,23.03,-3.953,-81.4,-81.4,23.18,23.17,0.242,0.496
"2025-11-24 11:00:00",2087,705.8,0,0,0,0.75,142.8,2.565,23.22,16.6,1012.098,0.49,3.646,55.4,27.6,-0.167,2.233,2.541,"013CAMPBELLCLIM50535VUE-500004413",0,27.36,25.65,-3.182,-101.8,-101.8,26.69,26.68,0.241,0.496
"2025-11-24 12:00:00",2088,799.2,0,0,0,0.872,159.1,2.92,25.02,16.88333,1012.164,0.57,3.759,51.6,29.1,-0.167,2.283,2.877,"013CAMPBELLCLIM50535VUE-500004413",0,30.28,28.21,-1.979,-133.8,-133.8,29.59,29.58,0.24,0.496
"2025-11-24 13:00:00",2089,841,0,0,0,0.937,179.3,3.19,26.67,17.2,1012.148,0.613,3.642,48.2,30.3,-0.067,2.317,3.0288,"013CAMPBELLCLIM50535VUE-500004413",0,33.43,30.45,-0.358,-167.7,-167.7,31.49,31.49,0.239,0.496
"2025-11-24 14:00:00",2090,832,0,0,0,1.052,142.2,3.477,27.95,17.58333,1011.831,0.614,3.302,46.4,31.4,-0.117,2.183,2.9964,"013CAMPBELLCLIM50535VUE-500004413",0,35.14,31.4,1.726,-206,-206,32.85,32.84,0.238,0.496
"2025-11-24 15:00:00",2091,759.5,0,0,0,1.175,181.9,3.685,28.28,17.55,1011.581,0.558,2.766,45.8,31.5,-0.117,2.083,2.7342,"013CAMPBELLCLIM50535VUE-500004413",0,35.03,31.58,4.061,-230.3,-230.3,33.93,33.92,0.238,0.496
"2025-11-24 16:00:00",2092,633,0,0,0,1.132,171.3,3.813,28.47,17.25,1011.348,0.462,2.087,44.1,31.6,0,2.217,2.2788,"013CAMPBELLCLIM50535VUE-500004413",0,34.82,31.29,6.086,-226.4,-226.4,34.29,34.29,0.237,0.496
"2025-11-24 17:00:00",2093,470,0,0,0,1.08,154.8,3.975,27.95,17.08333,1011.381,0.335,1.311,46.7,31.1,0.017,2.067,1.692,"013CAMPBELLCLIM50535VUE-500004413",0,32.78,30.16,7.216,-239.6,-239.6,33.79,33.79,0.236,0.496
"2025-11-24 18:00:00",2094,296.3,0,0,0,1.047,150.6,3.665,27.03,16.93333,1011.414,0.199,0.538,49,29.1,-0.1,2.183,1.0668,"013CAMPBELLCLIM50535VUE-500004413",0,29.59,28.42,7.472,-249.1,-249.1,32.46,32.46,0.236,0.496
"2025-11-24 19:00:00",2095,85.2,0,0,0,1.008,120.4,3.165,24.23,16.28333,1012.064,0.032,0,57.8,24,-0.217,2.25,0.3066,"013CAMPBELLCLIM50535VUE-500004413",0,23.51,24.43,7.176,-248.6,-248.6,29.18,29.18,0.235,0.496
"2025-11-24 20:00:00",2096,7.5,0,0,0,0.742,140.4,2.792,20.78,15.53333,1013.031,-0.009,0,67,20,-0.3,2.283,0.027,"013CAMPBELLCLIM50535VUE-500004413",0,19.56,20.25,6.484,-250.1,-250.1,24.44,24.44,0.235,0.495
"2025-11-24 21:00:00",2097,0,0,0,0,0.465,116.6,1.67,18.38,15.08333,1013.898,-0.021,0,74.2,17.7,-0.267,2.267,0,"013CAMPBELLCLIM50535VUE-500004413",0,17.26,17.65,5.481,-260.2,-260.2,20.73,20.72,0.234,0.495
"2025-11-24 22:00:00",2098,0,0,0,0,0.39,105.6,1.562,16.83,14.75,1014.481,-0.023,0,79.1,16.2,-0.317,2.233,0,"013CAMPBELLCLIM50535VUE-500004413",0,15.86,15.99,4.306,-267.4,-267.4,18.12,18.11,0.233,0.495
"2025-11-24 23:00:00",2099,0,0,0,0,0.39,127.9,1.613,15.52,14.45,1014.598,-0.024,0,83.7,15,-0.367,2.183,0,"013CAMPBELLCLIM50535VUE-500004413",0,14.73,14.73,3.112,-290.5,-290.5,16.22,16.23,0.233,0.495
"2025-11-25 00:00:00",2100,0,0,0,0,0.378,145.8,1.493,14.45,14.18333,1014.448,-0.024,0,87.2,13.9,-0.35,2.283,0,"013CAMPBELLCLIM50535VUE-500004413",0,13.75,13.71,1.973,-303.2,-303.2,14.81,14.81,0.232,0.495
"2025-11-25 01:00:00",2101,0,0,0,0,0.257,149.5,1.175,13.55,13.95,1014.414,-0.026,0,91.7,13,-0.367,2.317,0,"013CAMPBELLCLIM50535VUE-500004413",0,12.82,12.65,0.921,-313.7,-313.7,13.63,13.63,0.232,0.495
"2025-11-25 02:00:00",2102,0,0,0,0,0.183,77.9,0.61,12.93,13.9,1014.014,-0.027,0,94.2,12.5,-0.233,2.25,0,"013CAMPBELLCLIM50535VUE-500004413",0,12.22,11.9,-0.052,-319.2,-319.2,12.7,12.7,0.231,0.495
"2025-11-25 03:00:00",2103,0,0,0,0,0.228,155.6,0.967,12.93,14.15,1013.614,-0.026,0,95.3,12.7,-0.433,2.333,0,"013CAMPBELLCLIM50535VUE-500004413",0,12.59,12.08,-0.941,-337.3,-337.3,12.34,12.35,0.23,0.495
"2025-11-25 04:00:00",2104,0,0,0,0,0.2,216.4,0.798,13.25,14.36667,1013.414,-0.027,0,93.7,13.3,-0.367,2.333,0,"013CAMPBELLCLIM50535VUE-500004413",0,13.34,12.48,-1.722,-340.2,-340.2,12.39,12.39,0.23,0.495
"2025-11-25 05:00:00",2105,0,0,0,0,0.133,21.7,0.437,13.73,14.55,1013.298,-0.028,0,92.3,13.7,-0.317,2.3,0,"013CAMPBELLCLIM50535VUE-500004413",0,13.78,13.1,-2.348,-343.6,-343.6,13,13,0.229,0.495
"2025-11-25 06:00:00",2106,4.833,0,0,0,0.123,68,0.397,13.57,14.4,1013.398,0.004,0.535,93.2,13.5,-0.367,2.3,0.0174,"013CAMPBELLCLIM50535VUE-500004413",0,13.39,12.8,-2.816,-354.3,-354.3,13.11,13.11,0.228,0.495
"2025-11-25 07:00:00",2107,47.17,0,0,0,0.302,338.4,0.88,14.05,14.71667,1013.898,0.031,1.314,90.4,14.9,-0.267,2.25,0.1698,"013CAMPBELLCLIM50535VUE-500004413",0,14.94,13.97,-3.195,-386.5,-386.5,13.59,13.59,0.228,0.495
"2025-11-25 08:00:00",2108,153.3,0,0,0,0.393,19.7,1.085,15.27,15.36667,1014.248,0.099,2.091,86.6,18,-0.267,2.367,0.552,"013CAMPBELLCLIM50535VUE-500004413",0,17.19,16.24,-3.483,-403.8,-403.8,15.3,15.3,0.228,0.496
"2025-11-25 09:00:00",2109,409.7,0,0,0,0.547,236.9,1.735,18.05,16.41667,1013.848,0.257,2.77,75,23.4,-0.267,2.3,1.4748,"013CAMPBELLCLIM50535VUE-500004413",0,20.46,19.81,-3.569,-402.7,-402.7,19.15,19.15,0.227,0.496
"2025-11-25 10:00:00",2110,560,0,0,0,0.68,265.1,1.872,20.43,16.63333,1013.548,0.37,3.306,66,25.7,-0.167,2.3,2.016,"013CAMPBELLCLIM50535VUE-500004413",0,23.41,22.3,-3.309,-415.4,-415.4,22.85,22.85,0.226,0.496
"2025-11-25 11:00:00",2111,699.3,0,0,0,0.737,180.2,2.53,22.55,17.01667,1013.481,0.479,3.644,61.6,27.2,-0.267,2.2,2.5176,"013CAMPBELLCLIM50535VUE-500004413",0,26.53,25.14,-2.651,-447.7,-447.7,26.21,26.21,0.225,0.495
"2025-11-25 12:00:00",2112,797.3,0,0,0,1.095,144.2,3.327,23.25,16.98333,1013.664,0.55,3.761,58.9,26.6,-0.2,2.317,2.8704,"013CAMPBELLCLIM50535VUE-500004413",0,28.71,26.21,-1.597,-471.5,-471.5,28.54,28.54,0.224,0.495
"2025-11-25 13:00:00",2113,836,0,0,0,1.277,175.6,3.842,23.6,16.95,1013.781,0.577,3.649,58.1,26.7,-0.217,2.3,3.009,"013CAMPBELLCLIM50535VUE-500004413",0,30.03,26.3,-0.166,-520.9,-520.9,29.21,29.2,0.224,0.495
"2025-11-25 14:00:00",2114,822,0,0,0,1.252,166.6,4.29,24.02,16.8,1013.814,0.567,3.316,54.3,27.4,-0.183,2.25,2.958,"013CAMPBELLCLIM50535VUE-500004413",0,31.8,26.88,1.556,-550.6,-550.6,29.6,29.6,0.223,0.495
"2025-11-25 15:00:00",2115,747.8,0,0,0,1.287,178.1,4.52,24.97,17.03333,1013.431,0.519,2.781,53,28.1,-0.25,2.183,2.6922,"013CAMPBELLCLIM50535VUE-500004413",0,32.21,27.93,3.4,-587.3,-587.3,30.62,30.62,0.223,0.495
"2025-11-25 16:00:00",2116,626.5,0,0,0,1.18,173.3,4.057,25.23,17.06667,1013.198,0.431,2.096,53,28.4,-0.133,2.15,2.2554,"013CAMPBELLCLIM50535VUE-500004413",0,31.35,28.04,5.002,-620.2,-620.2,31.16,31.16,0.222,0.495
"2025-11-25 17:00:00",2117,463.5,0,0,0,1.255,155.4,3.763,24.8,16.81667,1012.864,0.313,1.323,55.1,27.6,-0.2,2.217,1.6686,"013CAMPBELLCLIM50535VUE-500004413",0,29.6,27.04,5.902,-652.1,-652.1,30.74,30.74,0.222,0.495
"2025-11-25 18:00:00",2118,286,0,0,0,1.057,159.6,3.8,23.6,16.48333,1012.614,0.175,0.548,57.3,25.9,-0.117,2.217,1.0296,"013CAMPBELLCLIM50535VUE-500004413",0,26.39,24.96,6.075,-689.3,-689.3,29.17,29.17,0.221,0.495
"2025-11-25 19:00:00",2119,84.5,0,0,0,0.87,147,2.915,21.82,16.11667,1012.881,0.022,0,64.5,21.9,-0.217,2.267,0.3042,"013CAMPBELLCLIM50535VUE-500004413",0,21.59,22.02,5.678,-672.5,-672.5,26.34,26.34,0.221,0.495
"2025-11-25 20:00:00",2120,8.33,0,0,0,0.665,121.5,2.09,19.15,15.5,1013.464,-0.013,0,73.3,18.6,-0.3,2.25,0.03,"013CAMPBELLCLIM50535VUE-500004413",0,18.25,18.65,4.924,-691.1,-691.1,22.32,22.32,0.22,0.495
"2025-11-25 21:00:00",2121,0,0,0,0,0.453,84.6,1.537,17.17,15.08333,1014.014,-0.022,0,79.6,16.6,-0.267,2.3,0,"013CAMPBELLCLIM50535VUE-500004413",0,16.4,16.45,3.942,-710.4,-710.4,19.16,19.16,0.22,0.495
"2025-11-25 22:00:00",2122,0,0,0,0,0.348,140.6,1.2,15.93,14.86667,1014.248,-0.024,0,83.6,15.4,-0.35,2.35,0,"013CAMPBELLCLIM50535VUE-500004413",0,15.26,15.09,2.858,-705.8,-705.8,16.96,16.97,0.219,0.495
"2025-11-25 23:00:00",2123,0,0,0,0,0.265,110.2,0.93,15.12,14.7,1014.331,-0.026,0,87.4,14.6,-0.383,2.267,0,"013CAMPBELLCLIM50535VUE-500004413",0,14.23,14.23,1.782,-718.8,-718.8,15.47,15.48,0.219,0.495
"2025-11-26 00:00:00",2124,0,0,0,0,0.138,138.8,0.553,14.35,14.6,1014.131,-0.028,0,90.2,13.9,-0.417,2.3,0,"013CAMPBELLCLIM50535VUE-500004413",0,13.5,13.15,0.79,-723.5,-723.5,14.29,14.29,0.218,0.495
"2025-11-26 01:00:00",2125,0,0,0,0,0.207,127.7,0.817,14.03,14.6,1013.831,-0.027,0,91.6,13.6,-0.417,2.35,0,"013CAMPBELLCLIM50535VUE-500004413",0,13.34,12.86,-0.128,-721.7,-721.7,13.52,13.52,0.218,0.495
"2025-11-26 02:00:00",2126,0,0,0,0,0.243,134.9,0.842,13.73,14.58333,1013.264,-0.026,0,93.4,13.3,-0.383,2.333,0,"013CAMPBELLCLIM50535VUE-500004413",0,13.07,12.85,-0.958,-742.3,-742.3,13.11,13.11,0.217,0.495
"2025-11-26 03:00:00",2127,0,0,0,0,0.172,156.4,0.713,13.4,14.51667,1012.698,-0.027,0,95.1,13,-0.367,2.267,0,"013CAMPBELLCLIM50535VUE-500004413",0,12.83,12.45,-1.664,-749.1,-749.1,12.69,12.69,0.216,0.495
"2025-11-26 04:00:00",2128,0,0,0,0,0.135,5.3,0.512,13.28,14.6,1012.298,-0.028,0,96.5,12.9,-0.4,2.317,0,"013CAMPBELLCLIM50535VUE-500004413",0,12.66,12.38,-2.278,-767.9,-767.9,12.54,12.54,0.216,0.495
"2025-11-26 05:00:00",2129,0,0,0,0,0.148,339.9,0.427,13.62,14.86667,1012.164,-0.027,0,94.3,13.9,-0.383,2.35,0,"013CAMPBELLCLIM50535VUE-500004413",0,14.07,12.97,-2.82,-786.2,-786.2,12.77,12.77,0.215,0.495
"2025-11-26 06:00:00",2130,1.667,0,0,0,0.272,216.2,0.803,14.27,15,1012.214,0.003,0.535,91.6,14.4,-0.4,2.367,0.006,"013CAMPBELLCLIM50535VUE-500004413",0,14.54,13.86,-3.253,-782.5,-782.5,13.55,13.55,0.215,0.495
"2025-11-26 07:00:00",2131,24.17,0,0,0,0.243,353,0.673,14.63,15.18333,1012.481,0.017,1.313,90.9,15.1,-0.283,2.35,0.087,"013CAMPBELLCLIM50535VUE-500004413",0,15.18,14.61,-3.533,-809,-809,14.24,14.24,0.214,0.495
"2025-11-26 08:00:00",2132,55.33,0,0,0,0.2,208.8,0.667,15.37,15.56667,1012.748,0.038,2.09,88.5,16.3,-0.35,2.3,0.1992,"013CAMPBELLCLIM50535VUE-500004413",0,16.3,15.79,-3.699,-822,-822,15.24,15.24,0.214,0.495
"2025-11-26 09:00:00",2133,62.33,0,0,0,0.377,183.2,1.662,15.83,15.8,1013.064,0.044,2.779,89.2,16.6,-0.333,2.283,0.2244,"013CAMPBELLCLIM50535VUE-500004413",0,16.62,16.32,-3.742,-846,-846,16.2,16.2,0.214,0.495
"2025-11-26 10:00:00",2134,124.2,0,0,0,0.68,195,2.16,15.5,15.75,1013.498,0.082,3.318,87.9,16.8,-0.333,2.35,0.447,"013CAMPBELLCLIM50535VUE-500004413",0,17.16,16.32,-3.671,-847,-847,16.84,16.84,0.226,0.495
"2025-11-26 11:00:00",2135,162.5,0,0,0,0.572,148.9,1.775,16.15,15.85,1013.981,0.109,3.66,84.6,18,-0.35,2.217,0.585,"013CAMPBELLCLIM50535VUE-500004413",0,18.27,17.35,-3.489,-866,-866,17.73,17.73,0.383,0.495
"2025-11-26 12:00:00",2136,399,0,0,0,0.6,105,1.96,17.98,16.61667,1013.881,0.261,3.771,74.8,22.3,-0.233,2.25,1.4364,"013CAMPBELLCLIM50535VUE-500004413",0,23,20.62,-3.275,-917,-917,20.05,20.04,0.427,0.499
"2025-11-26 13:00:00",2137,819,0,0,0,0.79,184.2,3.02,21.15,17.23333,1013.248,0.538,3.654,64.7,25.3,-0.267,2.283,2.9478,"013CAMPBELLCLIM50535VUE-500004413",0,27.82,25.59,-2.807,-956,-956,24.21,24.21,0.415,0.5
"2025-11-26 14:00:00",2138,818,0,0,0,0.865,197.6,2.81,23.25,17.23333,1012.681,0.553,3.317,58.6,27.1,-0.167,2.2,2.9436,"013CAMPBELLCLIM50535VUE-500004413",0,30.01,27.13,-1.375,-977,-977,27.17,27.17,0.417,0.499
"2025-11-26 15:00:00",2139,748.3,0,0,0,1.015,174.7,3.3,23.93,17.08333,1012.314,0.506,2.789,56.6,27.4,-0.117,2.1,2.694,"013CAMPBELLCLIM50535VUE-500004413",0,30.54,27.47,1.336,-838,-838,29.1,29.1,0.444,0.501
"2025-11-26 16:00:00",2140,623.8,0,0,0,1.087,147.3,3.19,24.4,16.83333,1011.914,0.42,2.107,54.3,27.9,-0.2,2.217,2.2458,"013CAMPBELLCLIM50535VUE-500004413",0,30.17,27.28,4.129,-863,-863,29.85,29.85,0.45,0.501
"2025-11-26 17:00:00",2141,468,0,0,0,0.963,153.9,3.467,24.65,16.43333,1011.364,0.308,1.335,51.9,27.7,-0.067,2.3,1.6848,"013CAMPBELLCLIM50535VUE-500004413",0,28.32,27,5.151,-892,-892,29.99,30,0.436,0.501
"2025-11-26 18:00:00",2142,293,0,0,0,0.937,145.8,2.842,24.42,15.95,1011.114,0.181,0.559,51.9,26.8,-0.15,2.167,1.0548,"013CAMPBELLCLIM50535VUE-500004413",0,26.54,25.9,5.193,-865,-865,29.14,29.14,0.422,0.501
"2025-11-26 19:00:00",2143,86.2,0,0,0,0.852,149.8,2.635,22.73,15.25,1011.481,0.026,0.046,58.7,22.7,-0.25,2.3,0.3102,"013CAMPBELLCLIM50535VUE-500004413",0,21.93,22.92,4.906,-868,-868,26.69,26.69,0.416,0.5
"2025-11-26 20:00:00",2144,7.5,0,0,0,0.813,139.8,2.723,19.57,14.25,1012.614,-0.007,0,64.2,18.8,-0.267,2.3,0.027,"013CAMPBELLCLIM50535VUE-500004413",0,18.27,19.15,4.366,-914,-914,22.64,22.64,0.413,0.499
"2025-11-26 21:00:00",2145,0,0,0,0,0.655,125.5,2.518,17.27,13.16667,1013.548,-0.015,0,68.5,16.7,-0.3,2.35,0,"013CAMPBELLCLIM50535VUE-500004413",0,16.08,16.64,3.547,-931,-931,19.24,19.24,0.41,0.499
"2025-11-26 22:00:00",2146,0,0,0,0,0.55,122,1.868,16.08,12.85,1013.981,-0.019,0,72.3,15.5,-0.317,2.317,0,"013CAMPBELLCLIM50535VUE-500004413",0,15.06,15.47,2.483,-971,-971,16.97,16.97,0.408,0.499
"2025-11-26 23:00:00",2147,0,0,0,0,0.21,43.2,0.897,14.6,12.63333,1013.964,-0.027,0,79.1,13.8,-0.267,2.317,0,"013CAMPBELLCLIM50535VUE-500004413",0,13.16,13.49,1.342,-1013,-1013,15.11,15.11,0.406,0.499
"2025-11-27 00:00:00",2148,0,0,0,0,0.138,36.5,0.495,13.35,12.48333,1013.398,-0.028,0,83.8,12.7,-0.383,2.367,0,"013CAMPBELLCLIM50535VUE-500004413",0,12.03,11.9,0.225,-1036,-1036,13.4,13.4,0.405,0.499
"2025-11-27 01:00:00",2149,0,0,0,0,0.063,164.3,0.15,12.15,12.41667,1012.631,-0.029,0,90.1,11.4,-0.4,2.283,0,"013CAMPBELLCLIM50535VUE-500004413",0,10.82,10.54,-0.848,-1070,-1070,11.98,11.98,0.404,0.499
"2025-11-27 02:00:00",2150,0,0,0,0,0.06,302.6,0.157,11.02,12.11667,1011.831,-0.028,0,92.8,10.5,-0.4,2.283,0,"013CAMPBELLCLIM50535VUE-500004413",0,10.4,9.6,-1.87,-1101,-1101,10.71,10.72,0.402,0.499
"2025-11-27 03:00:00",2151,0,0,0,0,0.065,269.1,0.158,11.18,12.45,1011.198,-0.028,0,92.9,11,-0.4,2.317,0,"013CAMPBELLCLIM50535VUE-500004413",0,11.16,10.07,-2.844,-1137,-1137,10.41,10.41,0.401,0.499
"2025-11-27 04:00:00",2152,0,0,0,0,0.087,272.9,0.232,11.65,12.68333,1010.864,-0.028,0,92.4,11.5,-0.317,2.35,0,"013CAMPBELLCLIM50535VUE-500004413",0,11.35,10.47,-3.7,-1164,-1164,10.57,10.57,0.4,0.499
"2025-11-27 05:00:00",2153,0,0,0,0,0.22,254.8,0.528,11.85,12.41667,1010.664,-0.026,0,87,11.6,-0.333,2.367,0,"013CAMPBELLCLIM50535VUE-500004413",0,11.26,10.72,-4.387,-1179,-1179,10.59,10.59,0.399,0.499
"2025-11-27 06:00:00",2154,5.833,0,0,0,0.158,1.6,0.467,11.47,12.16667,1010.698,0.005,0.543,92.2,10.8,-0.417,2.267,0.021,"013CAMPBELLCLIM50535VUE-500004413",0,10.41,10.46,-4.938,-1210,-1210,10.37,10.37,0.398,0.499
"2025-11-27 07:00:00",2155,69.5,0,0,0,0.145,190.5,0.4,12.05,12.85,1010.998,0.043,1.327,88.8,13.7,-0.333,2.383,0.2502,"013CAMPBELLCLIM50535VUE-500004413",0,12.15,11.18,-5.436,-1230,-1230,10.46,10.46,0.397,0.499
"2025-11-27 08:00:00",2156,265.3,0,0,0,0.307,129.1,1.062,16.47,14.61667,1010.864,0.162,2.099,70.4,22.2,-0.267,2.283,0.9552,"013CAMPBELLCLIM50535VUE-500004413",0,16.23,17.16,-5.859,-1257,-1257,14.71,14.71,0.397,0.5
"2025-11-27 09:00:00",2157,424,0,0,0,0.515,136.2,1.495,19.77,15.05,1010.798,0.279,2.787,61.1,25.5,-0.2,2.25,1.5264,"013CAMPBELLCLIM50535VUE-500004413",0,20.86,21.15,-5.979,-1285,-1285,19.98,19.97,0.395,0.5
"2025-11-27 10:00:00",2158,590,0,0,0,0.508,176.8,1.64,22.92,15.7,1010.864,0.408,3.319,54.2,28.3,-0.083,2.233,2.124,"013CAMPBELLCLIM50535VUE-500004413",0,24.64,25.02,-5.558,-1314,-1314,24.48,24.48,0.394,0.5
"2025-11-27 11:00:00",2159,676.7,0,0,0,0.647,176,1.943,25.33,15.71667,1010.931,0.49,3.664,45.6,29.6,-0.183,2.3,2.436,"013CAMPBELLCLIM50535VUE-500004413",0,27.82,28.18,-4.592,-1319,-1319,28.41,28.4,0.392,0.5
"2025-11-27 12:00:00",2160,718.7,0,0,0,0.725,136.3,2.458,26.83,15.21667,1010.848,0.534,3.792,40.1,30.9,-0.117,2.167,2.5872,"013CAMPBELLCLIM50535VUE-500004413",0,30.5,30.22,-3.152,-1361,-1361,31.04,31.03,0.39,0.5
"2025-11-27 13:00:00",2161,742,0,0,0,0.88,167.7,2.983,28.28,14.3,1010.631,0.565,3.694,36.5,31.7,-0.1,2.317,2.6712,"013CAMPBELLCLIM50535VUE-500004413",0,32.13,31.35,-1.367,-1367,-1367,32.92,32.92,0.389,0.5
"2025-11-27 14:00:00",2162,730,0,0,0,1.01,164.4,3.203,28.75,13.78333,1010.348,0.558,3.364,34.8,31.9,-0.083,2.283,2.628,"013CAMPBELLCLIM50535VUE-500004413",0,33.26,31.76,0.703,-1379,-1379,33.69,33.69,0.388,0.5
"2025-11-27 15:00:00",2163,435.8,0,0,0,1.002,157.9,3.448,28.15,13.43333,1010.281,0.356,2.833,35.9,30.9,-0.05,2.15,1.569,"013CAMPBELLCLIM50535VUE-500004413",0,30.6,30.23,2.913,-1392,-1392,33.3,33.3,0.386,0.5
"2025-11-27 16:00:00",2164,368.7,0,0,0,0.913,140.8,2.798,28.03,13.88333,1010.198,0.293,2.141,37.7,30.6,-0.233,2.3,1.3272,"013CAMPBELLCLIM50535VUE-500004413",0,29.74,29.68,4.712,-1391,-1391,32.57,32.58,0.386,0.5
"2025-11-27 17:00:00",2165,239.7,0,0,0,0.872,136.3,2.577,27.33,13.93333,1010.331,0.189,1.359,39.4,28.9,-0.35,2.35,0.8628,"013CAMPBELLCLIM50535VUE-500004413",0,27.89,28.42,5.503,-1420,-1420,31.51,31.51,0.385,0.5
"2025-11-27 18:00:00",2166,178.2,0,0,0,0.842,124.2,2.927,25.77,14.1,1010.664,0.099,0.573,44.7,27,-0.017,2.217,0.6414,"013CAMPBELLCLIM50535VUE-500004413",0,25.95,26.48,5.631,-1439,-1439,29.5,29.5,0.384,0.5
"2025-11-27 19:00:00",2167,103,0,0,0,0.758,116.6,2.49,24.43,14.28333,1011.198,0.037,0.049,48.8,24.7,-0.15,2.217,0.3708,"013CAMPBELLCLIM50535VUE-500004413",0,23.75,24.81,5.365,-1464,-1464,27.57,27.58,0.383,0.5
"2025-11-27 20:00:00",2168,11.5,0,0,0,0.742,121.9,2.457,21.42,13.76667,1011.848,0.012,0,57.4,20.6,-0.083,2.317,0.0414,"013CAMPBELLCLIM50535VUE-500004413",0,19.87,20.98,4.835,-1484,-1484,24.14,24.14,0.382,0.499
"2025-11-27 21:00:00",2169,0,0,0,0,0.545,130.3,1.89,19.2,13.68333,1012.348,-0.001,0,64.3,18.4,-0.283,2.3,0,"013CAMPBELLCLIM50535VUE-500004413",0,17.69,18.47,4.066,-1497,-1497,20.86,20.87,0.382,0.499
"2025-11-27 22:00:00",2170,0,0,0,0,0.385,138.5,1.48,17.43,13.46667,1012.881,-0.007,0,70.2,16.8,-0.367,2.283,0,"013CAMPBELLCLIM50535VUE-500004413",0,16.04,16.67,3.075,-1500,-1500,18.45,18.45,0.381,0.499
"2025-11-27 23:00:00",2171,0,0,0,0,0.308,141.1,1.275,16.08,13.23333,1013.081,-0.01,0,74.5,15.4,-0.4,2.283,0,"013CAMPBELLCLIM50535VUE-500004413",0,14.86,15.24,2.022,-1476,-1476,16.67,16.67,0.38,0.499
"2025-11-28 00:00:00",2172,0,0,0,0,0.193,129.6,0.79,14.78,12.98333,1012.981,-0.012,0,78.8,14.1,-0.333,2.283,0,"013CAMPBELLCLIM50535VUE-500004413",0,13.4,13.58,0.997,-1465,-1465,14.95,14.95,0.379,0.499
"2025-11-28 01:00:00",2173,0,0,0,0,0.29,96.2,0.982,13.92,12.76667,1012.731,-0.011,0,82.1,13.3,-0.467,2.317,0,"013CAMPBELLCLIM50535VUE-500004413",0,12.66,12.81,-0.001,-1475,-1475,13.65,13.65,0.379,0.499
"2025-11-28 02:00:00",2174,0,0,0,0,0.252,136.1,1.003,13,12.58333,1012.514,-0.012,0,85.5,12.4,-0.4,2.283,0,"013CAMPBELLCLIM50535VUE-500004413",0,11.85,11.98,-0.961,-1485,-1485,12.57,12.57,0.378,0.499
"2025-11-28 03:00:00",2175,0,0,0,0,0.26,129.6,0.862,12.4,12.46667,1012.264,-0.012,0,87.5,11.9,-0.367,2.3,0,"013CAMPBELLCLIM50535VUE-500004413",0,11.38,11.37,-1.843,-1499,-1499,11.7,11.7,0.378,0.499
"2025-11-28 04:00:00",2176,0,0,0,0,0.218,113,0.928,11.77,12.3,1012.731,-0.013,0,90.2,11.2,-0.35,2.25,0,"013CAMPBELLCLIM50535VUE-500004413",0,10.51,10.65,-2.65,-1515,-1515,11.01,11.01,0.377,0.499
"2025-11-28 05:00:00",2177,0,0,0,0,0.195,161.5,0.948,11.1,12.06667,1013.381,-0.013,0,92,10.5,-0.367,2.283,0,"013CAMPBELLCLIM50535VUE-500004413",0,10.07,9.91,-3.389,-1514,-1514,10.31,10.31,0.376,0.499
"2025-11-28 06:00:00",2178,4.5,0,0,0,0.207,159.5,0.763,10.7,11.91667,1013.948,0.004,0.544,93.6,10.3,-0.35,2.3,0.0162,"013CAMPBELLCLIM50535VUE-500004413",0,9.83,9.51,-4.097,-1505,-1505,9.72,9.72,0.375,0.499
"2025-11-28 07:00:00",2179,70.17,0,0,0,0.29,178.6,1.05,11.5,12.53333,1014.448,0.043,1.329,91.4,13.3,-0.4,2.35,0.2526,"013CAMPBELLCLIM50535VUE-500004413",0,11.48,10.8,-4.759,-1516,-1516,10.03,10.04,0.375,0.499
"2025-11-28 08:00:00",2180,138.2,0,0,0,0.498,168.5,1.865,13.57,13.23333,1014.931,0.089,2.111,82.8,15.2,-0.367,2.317,0.4974,"013CAMPBELLCLIM50535VUE-500004413",0,14.3,13.74,-5.304,-1525,-1525,12.46,12.46,0.374,0.499
"2025-11-28 09:00:00",2181,336.7,0,0,0,0.577,177.5,2.082,15.47,13.81667,1015.014,0.205,2.801,73.7,20.2,-0.3,2.333,1.212,"013CAMPBELLCLIM50535VUE-500004413",0,17.5,17.06,-5.576,-1542,-1542,15.62,15.62,0.374,0.5
"2025-11-28 10:00:00",2182,578.2,0,0,0,0.552,85.2,1.703,18.57,14.4,1014.798,0.368,3.336,62,24.1,-0.133,2.35,2.0814,"013CAMPBELLCLIM50535VUE-500004413",0,21.27,20.89,-5.466,-1575,-1575,20.21,20.2,0.373,0.5
"2025-11-28 11:00:00",2183,716.7,0,0,0,0.62,160.8,2.002,21.15,14.71667,1014.698,0.478,3.677,58.5,26.1,-0.167,2.3,2.58,"013CAMPBELLCLIM50535VUE-500004413",0,24.53,24.26,-4.905,-1602,-1602,24.38,24.37,0.371,0.5
"2025-11-28 12:00:00",2184,814,0,0,0,0.908,186.2,3.175,22.37,14.83333,1014.514,0.554,3.801,53.7,26,-0.167,2.333,2.931,"013CAMPBELLCLIM50535VUE-500004413",0,26.62,25.78,-3.883,-1618,-1618,27.25,27.25,0.37,0.499
"2025-11-28 13:00:00",2185,849,0,0,0,0.94,200.6,2.982,23.3,14.88333,1014.064,0.584,3.69,49.5,27.1,-0.017,2.267,3.057,"013CAMPBELLCLIM50535VUE-500004413",0,29.25,26.81,-2.389,-1637,-1637,28.47,28.48,0.369,0.5
"2025-11-28 14:00:00",2186,838,0,0,0,1,183.4,3.58,24.63,14.8,1013.814,0.585,3.358,46.1,28.4,-0.083,2.233,3.0174,"013CAMPBELLCLIM50535VUE-500004413",0,31.51,28.41,-0.449,-1639,-1639,29.81,29.81,0.369,0.5
"2025-11-28 15:00:00",2187,758.2,0,0,0,1.06,149.9,3.31,25.87,14.66667,1013.798,0.534,2.828,43.8,29.4,-0.083,2.25,2.7294,"013CAMPBELLCLIM50535VUE-500004413",0,32.44,29.22,1.851,-1642,-1642,31.31,31.31,0.368,0.5
