"TOA5","CR5000_2","CR5000","2447","CR5000.Std.07","CPU:Parcela3_final.CR5","8647","Table1"
"TIMESTAMP","RECORD","SlrFD_W_Avg","Rain_mm_Tot","Strikes_Tot","Dist_km_Avg","WS_ms_Avg","WindDir","MaxWS_ms_Avg","AirT_C_Avg","VP_mbar_Avg","BP_mbar_Avg","ETos","Rso","RH","RHT_C","TiltNS_deg_Avg","TiltWE_deg_Avg","SlrTF_MJ_Tot","CVMeta","Invalid_Wind","TT_C_Avg","SBT_C_Avg","SHF_Avg","NR_Wm2_Avg","CNR_Wm2_Avg","Temp_TC1_C_Avg","Temp_TC2_C_Avg","SWC_5CM_Avg","SWC_40CM_Avg"
"TS","RN","W/m^2","mm","count","kilometers","m/s","degrees","m/s","Deg C","mbar","mbar","Deg C","Deg C","%","Deg C","degrees","degrees","MJ/m^2","","","Deg C","Deg C","W/m^2","W/meter^2","W/m^2","Deg C","Deg C","m3/m3","m3/m3"
"","","Avg","Tot","Tot","Avg","Avg","Smp","Avg","Avg","Avg","Avg","ETsz","RSo","Smp","Smp","Avg","Avg","Tot","Smp","Smp","Avg","Avg","Avg","Avg","Avg","Avg","Avg","Avg","Avg"
"2025-10-06 09:00:00",909,310.7,0,0,0,0.672,178.5,2.12,10.95,9.233334,1021.898,0.168,2.357,65.7,15.6,-0.217,2.217,1.1184,"013CAMPBELLCLIM50535VUE-500004413",0,12.27,11.24,-9.07,2125,2125,8.2,8.2,0.366,0.491
"2025-10-06 10:00:00",910,479.3,0,0,0,0.76,202.5,2.233,13.55,8.95,1021.448,0.276,2.926,54.7,18.2,-0.15,2.183,1.7256,"013CAMPBELLCLIM50535VUE-500004413",0,18.45,14.89,-9.11,2161,2161,13.44,13.44,0.366,0.492
"2025-10-06 11:00:00",911,618.8,0,0,0,0.843,199.3,2.238,15.53,8.95,1020.964,0.37,3.285,49.9,19.9,-0.167,2.217,2.2278,"013CAMPBELLCLIM50535VUE-500004413",0,23.27,18.05,-8.72,2183,2183,17.82,17.82,0.365,0.492
"2025-10-06 12:00:00",912,712.2,0,0,0,0.817,129.2,2.268,17.92,9,1020.198,0.446,3.405,41.7,22,-0.067,2.083,2.5638,"013CAMPBELLCLIM50535VUE-500004413",0,29.42,21.19,-7.934,2183,2183,21.11,21.11,0.365,0.491
"2025-10-06 13:00:00",913,749.2,0,0,0,0.912,327.6,2.435,20.02,8.7,1019.598,0.487,3.288,35.4,23.6,-0.05,2.233,2.697,"013CAMPBELLCLIM50535VUE-500004413",0,33.61,23.72,-6.701,2173,2173,23.88,23.88,0.364,0.491
"2025-10-06 14:00:00",914,723.3,0,0,0,1.085,136.3,3.408,21.67,8.183333,1019.064,0.483,2.935,29.7,25,-0.033,2.15,2.604,"013CAMPBELLCLIM50535VUE-500004413",0,35.65,25.09,-4.786,2145,2145,25.67,25.67,0.364,0.491
"2025-10-06 15:00:00",915,660.2,0,0,0,1.178,151.3,3.642,23.08,6.7,1018.498,0.443,2.388,21.6,26.3,0.017,2.15,2.3766,"013CAMPBELLCLIM50535VUE-500004413",0,36.97,26.21,-1.563,2110,2110,27.27,27.27,0.365,0.491
"2025-10-06 16:00:00",916,534.3,0,0,0,1.075,174.4,3.065,23.28,6.383333,1017.964,0.352,1.661,23.5,26.5,-0.05,2.067,1.9236,"013CAMPBELLCLIM50535VUE-500004413",0,34.9,26.03,2.571,2058,2058,28.04,28.05,0.366,0.491
"2025-10-06 17:00:00",917,370.7,0,0,0,1.002,149.6,3.495,23.22,7.1,1017.514,0.234,0.839,23.7,25.8,-0.083,2.167,1.3344,"013CAMPBELLCLIM50535VUE-500004413",0,29.97,25.24,5.755,2014,2014,27.94,27.94,0.366,0.491
"2025-10-06 18:00:00",918,141.3,0,0,0,1,155.9,3.107,22.25,6.3,1017.531,0.072,0.124,25.1,22.3,-0.067,2.233,0.5088,"013CAMPBELLCLIM50535VUE-500004413",0,23.75,23.32,6.838,1997,1997,25.96,25.96,0.366,0.491
"2025-10-06 19:00:00",919,11.67,0,0,0,0.718,111.4,2.403,19.67,7,1017.948,-0.001,0,35.1,18.4,-0.117,2.267,0.042,"013CAMPBELLCLIM50535VUE-500004413",0,15.6,19.17,6.27,1964,1964,21.75,21.75,0.366,0.491
"2025-10-06 20:00:00",920,0,0,0,0,0.213,116.2,0.703,15.87,7.5,1018.398,-0.03,0,48.1,14.2,-0.133,2.15,0,"013CAMPBELLCLIM50535VUE-500004413",0,10.48,14.34,4.845,1966,1966,17.52,17.52,0.365,0.491
"2025-10-06 21:00:00",921,0,0,0,0,0.165,50.7,0.39,12.18,8.416667,1018.598,-0.028,0,64.2,10.8,-0.167,2.267,0,"013CAMPBELLCLIM50535VUE-500004413",0,8.13,10.66,3.056,1966,1966,13.56,13.56,0.365,0.491
"2025-10-06 22:00:00",922,0,0,0,0,0.142,211.8,0.385,9.9,8.633333,1018.514,-0.027,0,73.1,8.9,-0.267,2.217,0,"013CAMPBELLCLIM50535VUE-500004413",0,6.784,8.4,1.142,1989,1989,10.48,10.48,0.364,0.49
"2025-10-06 23:00:00",923,0,0,0,0,0.287,280.3,1.008,10.72,8.333333,1018.381,-0.024,0,63.7,10,-0.283,2.233,0,"013CAMPBELLCLIM50535VUE-500004413",0,7.761,9.61,-0.733,1995,1995,8.84,8.83,0.364,0.49
"2025-10-07 00:00:00",924,0,0,0,0,0.408,294.9,0.837,11.03,8.466666,1018.414,-0.02,0,64.9,10,-0.317,2.217,0,"013CAMPBELLCLIM50535VUE-500004413",0,7.357,10.27,-2.438,2027,2027,8.61,8.61,0.363,0.49
"2025-10-07 01:00:00",925,0,0,0,0,0.218,254.5,0.507,9.23,8.55,1018.214,-0.025,0,79.3,7.7,-0.183,2.267,0,"013CAMPBELLCLIM50535VUE-500004413",0,5.326,8.33,-3.891,2061,2061,7.848,7.848,0.362,0.49
"2025-10-07 02:00:00",926,0,0,0,0,0.247,278,0.52,7.683,8.2,1017.331,-0.024,0,76.5,6.7,-0.317,2.217,0,"013CAMPBELLCLIM50535VUE-500004413",0,4.662,6.43,-5.134,2090,2090,6.263,6.261,0.362,0.49
"2025-10-07 03:00:00",927,0,0,0,0,0.162,133.5,0.362,6.467,8.283334,1016.748,-0.025,0,89.2,5.5,-0.35,2.25,0,"013CAMPBELLCLIM50535VUE-500004413",0,3.671,5.248,-6.276,2139,2139,5.226,5.225,0.361,0.49
"2025-10-07 04:00:00",928,0,0,0,0,0.178,242.7,0.448,5.767,8.35,1016.598,-0.024,0,92.2,5,-0.317,2.25,0,"013CAMPBELLCLIM50535VUE-500004413",0,3.535,4.58,-7.335,2167,2167,4.396,4.39,0.361,0.49
"2025-10-07 05:00:00",929,0,0,0,0,0.373,244.6,0.927,6.033,8.333333,1016.481,-0.021,0,82.2,5.8,-0.367,2.2,0,"013CAMPBELLCLIM50535VUE-500004413",0,4.079,4.795,-8.29,2191,2191,3.88,3.883,0.36,0.49
"2025-10-07 06:00:00",930,0,0,0,0,0.535,299.9,1.187,7.15,8.333333,1016.581,0.006,0.133,87.1,6.1,-0.25,2.267,0,"013CAMPBELLCLIM50535VUE-500004413",0,4.166,6.634,-9.14,2188,2188,4.443,4.442,0.359,0.49
"2025-10-07 07:00:00",931,10,0,0,0,0.178,267.2,0.413,5.267,8.116667,1016.581,0.006,0.853,92.7,4.8,-0.333,2.283,0.036,"013CAMPBELLCLIM50535VUE-500004413",0,3.39,4.256,-9.82,2215,2215,3.847,3.844,0.359,0.49
"2025-10-07 08:00:00",932,122.7,0,0,0,0.168,338.1,0.462,8.47,9.25,1016.614,0.068,1.653,74.5,12.5,-0.3,2.317,0.4416,"013CAMPBELLCLIM50535VUE-500004413",0,6.894,7.166,-10.39,2254,2254,4.934,4.927,0.358,0.49
"2025-10-07 09:00:00",933,310.7,0,0,0,0.465,353.3,1.17,13.82,10.05,1016.898,0.182,2.366,58.1,18.8,-0.233,2.2,1.1184,"013CAMPBELLCLIM50535VUE-500004413",0,14.3,13.89,-10.82,2387,2387,10.02,10.02,0.358,0.49
"2025-10-07 10:00:00",934,480.8,0,0,0,0.548,283.8,1.652,17.17,9.983334,1016.314,0.3,2.929,49.7,22,-0.167,2.25,1.731,"013CAMPBELLCLIM50535VUE-500004413",0,18.5,18.28,-10.77,2672,2672,15.98,15.97,0.357,0.491
"2025-10-07 11:00:00",935,615,0,0,0,0.695,67.1,1.89,19.53,9.816667,1016.198,0.402,3.288,39.8,23.5,-0.067,2.2,2.214,"013CAMPBELLCLIM50535VUE-500004413",0,23.57,21.74,-10.03,2789,2789,20.78,20.77,0.356,0.491
"2025-10-07 12:00:00",936,711.8,0,0,0,0.933,167.4,2.428,21.63,9.45,1015.914,0.484,3.414,34,25.3,-0.033,2.267,2.5626,"013CAMPBELLCLIM50535VUE-500004413",0,29.66,24.99,-8.58,2883,2883,24.4,24.4,0.356,0.49
"2025-10-07 13:00:00",937,753,0,0,0,0.905,359.6,2.188,23.52,9.183333,1015.348,0.522,3.294,29.6,27.4,0.017,2.167,2.7108,"013CAMPBELLCLIM50535VUE-500004413",0,33.6,27.11,-6.318,2973,2973,27.03,27.03,0.356,0.49
"2025-10-07 14:00:00",938,728.8,0,0,0,0.935,151.7,2.753,25.3,8.966667,1014.864,0.513,2.938,26.7,28.6,0.017,2.15,2.6238,"013CAMPBELLCLIM50535VUE-500004413",0,35.7,28.71,-2.702,3004,3004,29.05,29.06,0.356,0.49
"2025-10-07 15:00:00",939,650.5,0,0,0,1.087,173.3,3.225,25.77,9.366667,1014.531,0.454,2.365,29.5,28.8,0.083,2.15,2.3418,"013CAMPBELLCLIM50535VUE-500004413",0,36.51,28.8,2.364,2994,2994,30.32,30.32,0.357,0.49
"2025-10-07 16:00:00",940,522,0,0,0,1.128,174,3.29,25.65,10.18333,1014.331,0.361,1.636,31.1,28.4,0.067,2.133,1.8792,"013CAMPBELLCLIM50535VUE-500004413",0,33.81,28.14,7.554,2969,2969,30.66,30.66,0.359,0.49
"2025-10-07 17:00:00",941,362.7,0,0,0,0.962,149.7,2.925,25.3,10.75,1014.314,0.236,0.831,34.1,27.7,0,2.133,1.3056,"013CAMPBELLCLIM50535VUE-500004413",0,29.61,27.15,10.91,2947,2947,30.05,30.05,0.361,0.49
"2025-10-07 18:00:00",942,131.3,0,0,0,0.817,163.7,2.607,24.33,10.45,1014.598,0.059,0.128,35.2,24.4,0.067,2.25,0.4728,"013CAMPBELLCLIM50535VUE-500004413",0,24.66,25.34,11.75,2927,2927,28.05,28.05,0.362,0.49
"2025-10-07 19:00:00",943,12.33,0,0,0,0.563,128.7,1.863,21.97,9.933333,1015.098,-0.009,0,40.3,20.8,-0.017,2.283,0.0444,"013CAMPBELLCLIM50535VUE-500004413",0,17.62,21.57,10.9,2896,2896,23.91,23.92,0.362,0.49
"2025-10-07 20:00:00",944,0,0,0,0,0.358,77,1.077,18.52,10.1,1015.648,-0.023,0,55.6,16.7,-0.167,2.2,0,"013CAMPBELLCLIM50535VUE-500004413",0,13.35,17.4,9.24,2859,2859,20.1,20.1,0.362,0.49
"2025-10-07 21:00:00",945,0,0,0,0,0.198,88.6,0.503,15.23,10.6,1016.048,-0.028,0,65.8,14.1,-0.133,2.3,0,"013CAMPBELLCLIM50535VUE-500004413",0,11.06,13.44,7.286,2849,2849,16.14,16.14,0.361,0.49
"2025-10-07 22:00:00",946,0,0,0,0,0.135,115.2,0.428,13.42,10.36667,1016.581,-0.029,0,69.4,12.2,-0.3,2.233,0,"013CAMPBELLCLIM50535VUE-500004413",0,9.69,11.93,5.216,2843,2843,13.43,13.44,0.361,0.489
"2025-10-07 23:00:00",947,0,0,0,0,0.148,145.1,0.393,11.17,10.11667,1016.764,-0.028,0,76.8,10.2,-0.267,2.3,0,"013CAMPBELLCLIM50535VUE-500004413",0,8.21,9.66,3.217,2864,2864,11.04,11.05,0.36,0.489
"2025-10-08 00:00:00",948,0,0,0,0,0.122,283.6,0.295,9.55,9.55,1016.948,-0.027,0,78.8,8.6,-0.367,2.217,0,"013CAMPBELLCLIM50535VUE-500004413",0,7.082,8.11,1.35,2880,2880,9.14,9.14,0.36,0.489
"2025-10-08 01:00:00",949,0,0,0,0,0.123,237.2,0.28,8.63,9.083333,1016.864,-0.027,0,79.8,7.8,-0.283,2.283,0,"013CAMPBELLCLIM50535VUE-500004413",0,6.586,7.091,-0.367,2892,2892,7.716,7.715,0.359,0.489
"2025-10-08 02:00:00",950,0,0,0,0,0.152,234.7,0.407,8.83,9.066667,1016.648,-0.026,0,84.2,7.9,-0.333,2.233,0,"013CAMPBELLCLIM50535VUE-500004413",0,6.374,7.442,-1.929,2911,2911,6.938,6.937,0.357,0.489
"2025-10-08 03:00:00",951,0,0,0,0,0.175,174.5,0.395,7.733,9.25,1016.064,-0.025,0,89.1,6.9,-0.35,2.25,0,"013CAMPBELLCLIM50535VUE-500004413",0,5.629,6.502,-3.315,2943,2943,6.287,6.29,0.356,0.489
"2025-10-08 04:00:00",952,0,0,0,0,0.15,190.5,0.343,6.817,9.083334,1015.581,-0.025,0,93.5,6,-0.383,2.267,0,"013CAMPBELLCLIM50535VUE-500004413",0,5.058,5.574,-4.531,2964,2964,5.581,5.581,0.356,0.489
"2025-10-08 05:00:00",953,0,0,0,0,0.147,240.1,0.338,6.133,8.95,1015.381,-0.025,0,95.8,5.5,-0.35,2.233,0,"013CAMPBELLCLIM50535VUE-500004413",0,4.583,4.983,-5.601,2988,2988,4.914,4.916,0.355,0.489
"2025-10-08 06:00:00",954,0,0,0,0,0.13,152.6,0.29,5.983,8.933333,1015.448,0.001,0.143,96.5,5.4,-0.267,2.167,0,"013CAMPBELLCLIM50535VUE-500004413",0,4.498,4.879,-6.574,2975,2975,4.488,4.487,0.354,0.489
"2025-10-08 07:00:00",955,11,0,0,0,0.115,298.9,0.273,6,9.066667,1015.798,0.006,0.866,95.9,5.7,-0.283,2.317,0.0396,"013CAMPBELLCLIM50535VUE-500004413",0,5.064,5.14,-7.449,2969,2969,4.319,4.319,0.353,0.489
"2025-10-08 08:00:00",956,128,0,0,0,0.198,258.7,0.583,10.23,10.6,1016.248,0.073,1.659,72.6,14.1,-0.267,2.233,0.4608,"013CAMPBELLCLIM50535VUE-500004413",0,8.54,8.35,-8.21,2979,2979,6.003,6,0.353,0.489
"2025-10-08 09:00:00",957,308,0,0,0,0.617,338.8,1.565,15.38,10.73333,1016.481,0.19,2.376,56.7,19.6,-0.1,2.167,1.1088,"013CAMPBELLCLIM50535VUE-500004413",0,15.17,15.33,-8.72,2992,2992,11.49,11.48,0.353,0.489
"2025-10-08 10:00:00",958,475.8,0,0,0,0.468,120.5,1.383,18.98,10.63333,1016.298,0.308,2.937,44.3,23.8,-0.167,2.2,1.713,"013CAMPBELLCLIM50535VUE-500004413",0,22.55,20.92,-8.71,2972,2972,17.63,17.63,0.352,0.49
"2025-10-08 11:00:00",959,617.3,0,0,0,0.595,22.1,1.698,22.3,10.3,1016.031,0.423,3.297,33.9,26.9,-0.15,2.233,2.2224,"013CAMPBELLCLIM50535VUE-500004413",0,28.41,25.06,-8.03,2979,2979,23.04,23.04,0.353,0.49
"2025-10-08 12:00:00",960,715.8,0,0,0,0.638,199.5,1.77,24.93,9.5,1015.448,0.507,3.429,27.2,29.2,0.067,2.133,2.577,"013CAMPBELLCLIM50535VUE-500004413",0,34.03,28.49,-6.635,2964,2964,27.26,27.26,0.354,0.489
"2025-10-08 13:00:00",961,753.2,0,0,0,0.623,197.9,1.897,27.1,8.716667,1014.898,0.542,3.315,23.7,31.4,0.083,2.1,2.7114,"013CAMPBELLCLIM50535VUE-500004413",0,38.02,31.04,-4.449,2950,2950,30.24,30.23,0.354,0.489
"2025-10-08 14:00:00",962,723.7,0,0,0,0.733,93.8,2.198,29.18,8.2,1014.214,0.53,2.962,19,32.8,0.183,2.067,2.6052,"013CAMPBELLCLIM50535VUE-500004413",0,40.4,33.15,-1.621,2917,2917,32.78,32.78,0.354,0.489
"2025-10-08 15:00:00",963,649.5,0,0,0,0.827,173.4,2.355,29.8,7.866667,1013.648,0.467,2.397,19.2,33.2,0.1,2.133,2.3382,"013CAMPBELLCLIM50535VUE-500004413",0,40.58,33.21,1.593,2858,2858,34.24,34.23,0.37,0.489
"2025-10-08 16:00:00",964,527.2,0,0,0,0.857,200.4,3.005,30.27,8.9,1013.231,0.374,1.659,21.3,33.1,0.167,2.2,1.8978,"013CAMPBELLCLIM50535VUE-500004413",0,38.21,33.1,5.99,2706,2706,34.89,34.89,0.439,0.492
"2025-10-08 17:00:00",965,367.3,0,0,0,0.865,122.8,2.602,29.45,10.43333,1013.131,0.25,0.843,28,31.7,0.183,2.067,1.3224,"013CAMPBELLCLIM50535VUE-500004413",0,34.54,31.56,9.96,2681,2681,34.27,34.28,0.43,0.495
"2025-10-08 18:00:00",966,131.7,0,0,0,0.927,138.9,2.928,27.67,10.43333,1013.614,0.07,0.133,29.3,27.5,0.033,2.217,0.474,"013CAMPBELLCLIM50535VUE-500004413",0,27.74,28.71,10.89,2581,2581,31.72,31.73,0.413,0.494
"2025-10-08 19:00:00",967,12.83,0,0,0,0.602,61.1,2.283,24.55,11.43333,1014.398,-0.006,0,43.2,23.4,-0.017,2.25,0.0462,"013CAMPBELLCLIM50535VUE-500004413",0,20.23,24.29,10.83,2484,2484,27.08,27.08,0.407,0.493
"2025-10-08 20:00:00",968,0,0,0,0,0.402,124.3,1.42,21.9,12.7,1014.964,-0.021,0,50,20.8,-0.05,2.25,0,"013CAMPBELLCLIM50535VUE-500004413",0,17.71,20.64,10.07,2440,2440,23.01,23.01,0.403,0.492
"2025-10-08 21:00:00",969,0,0,0,0,0.323,82.6,0.89,19.98,13.5,1015.398,-0.024,0,66,18.5,-0.083,2.3,0,"013CAMPBELLCLIM50535VUE-500004413",0,15.54,19.16,8.93,2415,2415,20.44,20.44,0.401,0.492
"2025-10-08 22:00:00",970,0,0,0,0,0.117,100.9,0.348,16.25,13.75,1015.981,-0.03,0,79.9,15.1,-0.25,2.267,0,"013CAMPBELLCLIM50535VUE-500004413",0,12.66,14.81,7.622,2391,2391,17.27,17.27,0.398,0.492
"2025-10-08 23:00:00",971,0,0,0,0,0.125,119,0.363,14.63,13.9,1016.048,-0.029,0,86.6,13.8,-0.133,2.283,0,"013CAMPBELLCLIM50535VUE-500004413",0,11.9,13.22,6.204,2404,2404,14.79,14.79,0.397,0.492
"2025-10-09 00:00:00",972,0,0,0,0,0.083,177.3,0.238,13.3,13.65,1015.981,-0.029,0,91.9,12.4,-0.15,2.233,0,"013CAMPBELLCLIM50535VUE-500004413",0,10.75,11.97,4.733,2372,2372,13.02,13.03,0.395,0.492
"2025-10-09 01:00:00",973,0,0,0,0,0.063,135.7,0.153,11.88,13.06667,1015.764,-0.028,0,94.8,11.1,-0.25,2.25,0,"013CAMPBELLCLIM50535VUE-500004413",0,9.9,10.54,3.305,2339,2339,11.5,11.5,0.394,0.492
"2025-10-09 02:00:00",974,0,0,0,0,0.083,240,0.172,11.1,12.7,1015.581,-0.028,0,96.6,10.4,-0.283,2.267,0,"013CAMPBELLCLIM50535VUE-500004413",0,9.18,9.97,1.932,2311,2311,10.41,10.42,0.392,0.492
"2025-10-09 03:00:00",975,0,0,0,0,0.083,199.5,0.182,10.3,12.25,1015.248,-0.027,0,98.1,9.7,-0.25,2.25,0,"013CAMPBELLCLIM50535VUE-500004413",0,8.53,9.29,0.641,2300,2300,9.46,9.46,0.39,0.492
"2025-10-09 04:00:00",976,0,0,0,0,0.065,261.6,0.132,9.62,11.73333,1014.914,-0.027,0,98,8.9,-0.267,2.283,0,"013CAMPBELLCLIM50535VUE-500004413",0,8.01,8.46,-0.561,2294,2294,8.66,8.66,0.388,0.492
"2025-10-09 05:00:00",977,0,0,0,0,0.08,333.7,0.153,9.1,11.36667,1015.048,-0.027,0,97.9,8.6,-0.333,2.317,0,"013CAMPBELLCLIM50535VUE-500004413",0,7.539,8.08,-1.678,2285,2285,8.03,8.03,0.387,0.491
"2025-10-09 06:00:00",978,0,0.017,0,0,0.078,242.4,0.135,8.65,11.05,1015.298,0.001,0.152,98.2,8.1,-0.283,2.283,0,"013CAMPBELLCLIM50535VUE-500004413",0,7.125,7.568,-2.701,2279,2279,7.496,7.496,0.385,0.491
"2025-10-09 07:00:00",979,11.83,0.017,0,0,0.192,267.4,0.567,9.38,11.2,1015.548,0.008,0.873,92.5,9.7,-0.3,2.3,0.0426,"013CAMPBELLCLIM50535VUE-500004413",0,8.39,8.49,-3.641,2284,2284,7.372,7.378,0.384,0.492
"2025-10-09 08:00:00",980,137.2,0.017,0,0,0.263,121,0.768,13.2,14.15,1016.298,0.082,1.65,85.2,16.1,-0.267,2.233,0.4938,"013CAMPBELLCLIM50535VUE-500004413",0,11.68,12.02,-4.465,2263,2263,9.58,9.57,0.384,0.492
"2025-10-09 09:00:00",981,305.8,0,0,0,0.385,39.3,1.133,17.8,14.71667,1016.631,0.194,2.353,65.2,22.2,-0.083,2.217,1.101,"013CAMPBELLCLIM50535VUE-500004413",0,18.12,18.24,-5.001,2256,2256,14.32,14.31,0.384,0.492
"2025-10-09 10:00:00",982,475.7,0,0,0,0.533,269.8,1.495,21.02,13.88333,1016.264,0.32,2.915,46.5,25.8,-0.15,2.233,1.7124,"013CAMPBELLCLIM50535VUE-500004413",0,24.24,22.88,-5.047,2251,2251,20.23,20.23,0.382,0.492
"2025-10-09 11:00:00",983,615.7,0,0,0,0.518,182.9,1.508,24.12,12.96667,1016.014,0.433,3.276,40.8,28.8,-0.05,2.217,2.2164,"013CAMPBELLCLIM50535VUE-500004413",0,30,27.09,-4.525,2238,2238,25.48,25.48,0.381,0.492
"2025-10-09 12:00:00",984,710.5,0,0,0,0.538,84,1.645,26.82,11.88333,1015.781,0.515,3.408,28.6,31.1,0.1,2.183,2.5578,"013CAMPBELLCLIM50535VUE-500004413",0,36.1,30.29,-3.48,2215,2215,29.58,29.58,0.381,0.492
"2025-10-09 13:00:00",985,740.5,0,0,0,0.82,127.7,2.77,28.47,11.33333,1015.498,0.553,3.292,28.8,32.1,0.05,2.217,2.6658,"013CAMPBELLCLIM50535VUE-500004413",0,39.28,31.67,-1.882,2188,2188,32.21,32.21,0.38,0.492
"2025-10-09 14:00:00",986,721,0,0,0,0.927,158.5,3.067,29.37,12.45,1014.981,0.54,2.919,30.8,32.4,0.1,2.117,2.5956,"013CAMPBELLCLIM50535VUE-500004413",0,40.59,32.61,0.442,2137,2137,33.81,33.82,0.38,0.492
"2025-10-09 15:00:00",987,645.3,0,0,0,1.062,180.1,3.598,29.58,12.15,1014.581,0.478,2.359,30.6,32.5,0.083,2.117,2.3232,"013CAMPBELLCLIM50535VUE-500004413",0,40.44,32.44,3.598,2093,2093,34.48,34.48,0.381,0.492
"2025-10-09 16:00:00",988,512.7,0,0,0,1.157,193,3.602,28.97,13.03333,1014.348,0.376,1.637,35,31.6,0.067,2.083,1.8456,"013CAMPBELLCLIM50535VUE-500004413",0,37.13,31.26,7.033,2022,2022,34.34,34.34,0.381,0.492
"2025-10-09 17:00:00",989,329,0,0,0,1.107,139.2,3.733,27.47,13.98333,1014.631,0.228,0.838,40.7,29.4,0.15,2.15,1.1844,"013CAMPBELLCLIM50535VUE-500004413",0,31.18,28.98,9.8,1982,1982,32.87,32.87,0.381,0.492
"2025-10-09 18:00:00",990,130.5,0,0,0,0.928,128.4,2.788,25.95,14.46667,1015.348,0.068,0.138,45.5,26.2,0.05,2.183,0.4698,"013CAMPBELLCLIM50535VUE-500004413",0,26.33,26.59,11.23,1948,1948,30.22,30.22,0.38,0.492
"2025-10-09 19:00:00",991,23.17,0,0,0,0.625,103.7,2.077,23.45,14.08333,1016.214,-0.003,0,51.1,22.6,-0.017,2.167,0.0834,"013CAMPBELLCLIM50535VUE-500004413",0,20.87,23.12,11.4,1916,1916,26.29,26.29,0.38,0.492
"2025-10-09 20:00:00",992,0,0,0,0,0.257,68.7,1.035,20.83,13.98333,1016.698,-0.027,0,62.3,19.6,-0.05,2.3,0,"013CAMPBELLCLIM50535VUE-500004413",0,16.86,19.68,10.78,1899,1899,22.54,22.54,0.38,0.491
"2025-10-09 21:00:00",993,0,0,0,0,0.143,77.3,0.307,18.22,14.13333,1016.998,-0.03,0,73.6,17,-0.1,2.25,0,"013CAMPBELLCLIM50535VUE-500004413",0,14.47,16.57,9.64,1905,1905,19.26,19.26,0.379,0.491
"2025-10-09 22:00:00",994,0,0,0,0,0.132,43.7,0.365,16.02,14.11667,1017.431,-0.029,0,81,15,-0.2,2.2,0,"013CAMPBELLCLIM50535VUE-500004413",0,13.18,14.47,8.19,1910,1910,16.54,16.55,0.379,0.491
"2025-10-09 23:00:00",995,0,0,0,0,0.1,105,0.312,14.68,13.7,1017.298,-0.029,0,84.4,13.8,-0.267,2.167,0,"013CAMPBELLCLIM50535VUE-500004413",0,12.29,13.38,6.622,1911,1911,14.59,14.59,0.378,0.491
"2025-10-10 00:00:00",996,0,0,0,0,0.048,321.1,0.147,13.33,13.38333,1017.114,-0.03,0,88,12.5,-0.217,2.25,0,"013CAMPBELLCLIM50535VUE-500004413",0,11.29,11.93,5.071,1916,1916,13.07,13.07,0.378,0.491
"2025-10-10 01:00:00",997,0,0,0,0,0.115,238.6,0.303,13.08,12.85,1016.848,-0.028,0,84,12.6,-0.283,2.3,0,"013CAMPBELLCLIM50535VUE-500004413",0,11.11,11.74,3.632,1925,1925,11.92,11.92,0.377,0.491
"2025-10-10 02:00:00",998,0,0,0,0,0.085,110.5,0.23,12.42,12.86667,1016.531,-0.029,0,91,11.6,-0.217,2.283,0,"013CAMPBELLCLIM50535VUE-500004413",0,10.14,11.4,2.301,1919,1919,11.32,11.32,0.376,0.491
"2025-10-10 03:00:00",999,0,0,0,0,0.072,125.9,0.16,11.2,12.48333,1015.848,-0.028,0,94.8,10.5,-0.317,2.267,0,"013CAMPBELLCLIM50535VUE-500004413",0,9.51,9.95,1.092,1914,1914,10.4,10.4,0.376,0.491
"2025-10-10 04:00:00",1000,0,0,0,0,0.092,162.1,0.22,10.9,12.38333,1015.798,-0.028,0,95.4,10.4,-0.3,2.317,0,"013CAMPBELLCLIM50535VUE-500004413",0,9.32,9.75,-0.019,1901,1901,9.82,9.83,0.375,0.491
"2025-10-10 05:00:00",1001,0,0,0,0,0.068,235,0.138,10.42,12.23333,1015.864,-0.028,0,98.2,10,-0.35,2.283,0,"013CAMPBELLCLIM50535VUE-500004413",0,9.11,9.41,-1.024,1886,1886,9.38,9.38,0.374,0.491
"2025-10-10 06:00:00",1002,0,0,0,0,0.14,261.5,0.43,10.32,12.13333,1015.964,0.001,0.162,92.4,9.8,-0.367,2.3,0,"013CAMPBELLCLIM50535VUE-500004413",0,9.35,9.38,-1.927,1874,1874,9.11,9.11,0.374,0.491
"2025-10-10 07:00:00",1003,23.5,0,0,0,0.248,292.8,0.807,12.47,12.78333,1016.148,0.017,0.883,91,12.1,-0.25,2.25,0.0846,"013CAMPBELLCLIM50535VUE-500004413",0,11.23,11.65,-2.725,1884,1884,9.76,9.76,0.373,0.491
"2025-10-10 08:00:00",1004,119,0,0,0,0.173,33.8,0.542,13.95,13.5,1016.381,0.076,1.673,80.5,16.2,-0.2,2.2,0.4284,"013CAMPBELLCLIM50535VUE-500004413",0,14.07,13.91,-3.356,1867,1867,11.3,11.3,0.373,0.491
"2025-10-10 09:00:00",1005,260.5,0,0,0,0.318,37.3,1.075,17.08,14.05,1016.281,0.167,2.376,66.5,21,-0.15,2.2,0.9378,"013CAMPBELLCLIM50535VUE-500004413",0,18.8,18.18,-3.689,1861,1861,15.11,15.12,0.372,0.492
"2025-10-10 10:00:00",1006,408,0,0,0,0.467,112.5,1.308,19.9,13.06667,1016.098,0.274,2.94,52.8,24.4,-0.167,2.283,1.4688,"013CAMPBELLCLIM50535VUE-500004413",0,24.03,21.99,-3.608,1845,1845,19.97,19.96,0.372,0.492
"2025-10-10 11:00:00",1007,538,0,0,0,0.915,184.5,3.127,21.38,13.3,1016.248,0.372,3.286,50.2,25,-0.05,2.267,1.9368,"013CAMPBELLCLIM50535VUE-500004413",0,27.3,23.54,-3.094,1825,1825,23.82,23.83,0.371,0.492
"2025-10-10 12:00:00",1008,623.2,0,0,0,1.08,178,3.143,22.08,12.76667,1016.464,0.435,3.411,46.7,25.4,-0.117,2.2,2.2434,"013CAMPBELLCLIM50535VUE-500004413",0,30.67,24.37,-2.159,1846,1846,25.96,25.96,0.371,0.492
"2025-10-10 13:00:00",1009,648.7,0,0,0,1.013,163,3.487,22.92,12.93333,1016.131,0.454,3.283,44.2,26.2,-0.017,2.233,2.3352,"013CAMPBELLCLIM50535VUE-500004413",0,32.5,25.54,-0.871,1806,1806,27.35,27.34,0.37,0.492
"2025-10-10 14:00:00",1010,643.7,0,0,0,1.248,159.9,3.95,22.98,12.28333,1015.864,0.449,2.933,43.8,26,0,2.133,2.3172,"013CAMPBELLCLIM50535VUE-500004413",0,33.77,25.54,0.825,1774,1774,28.12,28.13,0.371,0.492
"2025-10-10 15:00:00",1011,582.3,0,0,0,1.428,146.6,4.56,22.48,11.56667,1015.948,0.399,2.376,43.7,25.4,-0.067,2.183,2.0964,"013CAMPBELLCLIM50535VUE-500004413",0,31.84,24.76,2.982,1744,1744,28.01,28.01,0.37,0.492
"2025-10-10 16:00:00",1012,434.3,0,0,0,1.458,121.4,4.562,21.15,11.45,1016.464,0.284,1.659,46.7,23.7,-0.083,2.217,1.5636,"013CAMPBELLCLIM50535VUE-500004413",0,28.55,22.94,5.171,1724,1724,26.96,26.96,0.37,0.492
"2025-10-10 17:00:00",1013,294.3,0,0,0,1.033,106.8,3.09,20.8,10.73333,1017.014,0.172,0.862,42,22.9,-0.117,2.167,1.0596,"013CAMPBELLCLIM50535VUE-500004413",0,25.71,22.34,6.72,1035,1035,25.53,25.53,0.37,0.492
"2025-10-10 18:00:00",1014,137.8,0,0,0,0.81,133.3,2.572,20.12,9.6,1017.714,0.056,0.145,42,20.6,-0.117,2.133,0.4962,"013CAMPBELLCLIM50535VUE-500004413",0,21.66,21.23,7.207,1655,1655,23.67,23.67,0.37,0.492
"2025-10-10 19:00:00",1015,23.33,0,0,0,0.402,95.6,1.423,18.43,9.75,1018.181,-0.01,0,50.5,17.6,-0.117,2.217,0.084,"013CAMPBELLCLIM50535VUE-500004413",0,15.72,18.14,6.842,1660,1660,20.42,20.43,0.37,0.491
"2025-10-10 20:00:00",1016,0,0,0,0,0.333,114.5,1.207,16.52,10.41667,1018.381,-0.021,0,61.2,15.5,-0.133,2.333,0,"013CAMPBELLCLIM50535VUE-500004413",0,13.24,15.37,5.964,1627,1627,17.29,17.29,0.369,0.491
"2025-10-10 21:00:00",1017,0,0,0,0,0.538,72.8,1.722,14.93,11.45,1018.598,-0.016,0,72.3,14,-0.183,2.233,0,"013CAMPBELLCLIM50535VUE-500004413",0,12.4,14.28,4.767,1617,1617,15.25,15.25,0.369,0.491
"2025-10-10 22:00:00",1018,0,0,0,0,0.69,130.4,2.293,12.5,11.2,1019.498,-0.015,0,81.3,11.7,-0.317,2.183,0,"013CAMPBELLCLIM50535VUE-500004413",0,10.57,12.01,3.46,1598,1598,13.31,13.31,0.368,0.491
"2025-10-10 23:00:00",1019,0,0,0,0,0.517,151,1.693,10.75,10.93333,1019.814,-0.019,0,86.7,10.2,-0.217,2.233,0,"013CAMPBELLCLIM50535VUE-500004413",0,9.23,10.18,2.167,1597,1597,11.39,11.39,0.368,0.491
"2025-10-11 00:00:00",1020,0,0,0,0,0.805,147.5,2.957,10.28,10.9,1020.914,-0.016,0,87.7,10,-0.25,2.233,0,"013CAMPBELLCLIM50535VUE-500004413",0,9.39,9.8,0.858,1544,1544,10.15,10.15,0.367,0.491
"2025-10-11 01:00:00",1021,0,0,0,0,0.653,318.3,2.217,10.28,10.88333,1020.198,-0.017,0,85.3,9.8,-0.333,2.3,0,"013CAMPBELLCLIM50535VUE-500004413",0,8.87,9.74,-0.4,1532,1532,9.69,9.68,0.366,0.491
"2025-10-11 02:00:00",1022,0,0,0,0,0.455,172.5,1.697,10.37,11.05,1020.298,-0.02,0,88.4,10.1,-0.2,2.217,0,"013CAMPBELLCLIM50535VUE-500004413",0,9.94,10.03,-1.548,1501,1501,9.68,9.68,0.366,0.491
"2025-10-11 03:00:00",1023,0,0,0,0,0.235,149.5,0.755,10.12,10.96667,1019.431,-0.023,0,88.6,9.9,-0.233,2.25,0,"013CAMPBELLCLIM50535VUE-500004413",0,9.33,9.41,-2.524,1437,1437,9.47,9.47,0.365,0.491
"2025-10-11 04:00:00",1024,0,0,0,0,0.718,165.5,2.282,10.43,11,1019.814,-0.017,0,87.3,10.5,-0.3,2.217,0,"013CAMPBELLCLIM50535VUE-500004413",0,10.62,10.23,-3.283,1381,1381,9.81,9.81,0.364,0.491
"2025-10-11 05:00:00",1025,0,0,0,0,0.552,131.4,1.755,10.43,10.93333,1020.514,-0.019,0,86.3,10.5,-0.333,2.333,0,"013CAMPBELLCLIM50535VUE-500004413",0,10.59,10.23,-3.871,1331,1331,10.17,10.17,0.363,0.491
"2025-10-11 06:00:00",1026,0,0,0,0,0.305,272,1,10.18,10.75,1021.048,0.003,0.173,86.8,9.8,-0.267,2.317,0,"013CAMPBELLCLIM50535VUE-500004413",0,9.31,9.73,-4.376,1329,1329,10.02,10.03,0.362,0.491
"2025-10-11 07:00:00",1027,18.33,0,0,0,0.335,293.6,0.925,10.07,10.6,1021.381,0.014,0.91,86.3,10.2,-0.217,2.267,0.066,"013CAMPBELLCLIM50535VUE-500004413",0,10.18,9.77,-4.777,1322,1322,9.74,9.74,0.362,0.491
"2025-10-11 08:00:00",1028,114,0,0,0,0.265,44,0.858,10.8,11,1021.564,0.068,1.709,83,13.4,-0.233,2.233,0.4104,"013CAMPBELLCLIM50535VUE-500004413",0,12.36,11.28,-5.107,1229,1229,10.57,10.57,0.362,0.491
"2025-10-11 09:00:00",1029,319.3,0,0,0,0.485,14.9,1.458,13.47,11.45,1021.298,0.183,2.42,69.1,18.6,-0.233,2.233,1.1496,"013CAMPBELLCLIM50535VUE-500004413",0,16.02,14.09,-5.311,1228,1228,13.74,13.74,0.383,0.491
"2025-10-11 10:00:00",1030,484.3,0,0,0,0.613,274.9,1.613,14.98,10.7,1021.114,0.287,2.986,58.1,20,-0.217,2.183,1.7436,"013CAMPBELLCLIM50535VUE-500004413",0,20.47,16.63,-5.306,1200,1200,17.28,17.27,0.437,0.494
"2025-10-11 11:00:00",1031,620.8,0,0,0,0.738,95.4,1.923,17.02,10.45,1020.931,0.383,3.34,51.6,21.6,-0.183,2.267,2.235,"013CAMPBELLCLIM50535VUE-500004413",0,24.61,19.26,-3.696,1555,1555,20.35,20.35,0.433,0.496
"2025-10-11 12:00:00",1032,711.2,0,0,0,0.878,138.7,2.768,18.4,10.5,1020.731,0.449,3.455,50.3,22.2,-0.1,2.3,2.5602,"013CAMPBELLCLIM50535VUE-500004413",0,29.72,21.41,-2.085,1382,1382,22.84,22.84,0.414,0.496
"2025-10-11 13:00:00",1033,752.3,0,0,0,0.865,143.4,2.378,19.3,10.31667,1020.064,0.48,3.332,42.9,23.3,-0.083,2.2,2.7084,"013CAMPBELLCLIM50535VUE-500004413",0,32.18,22.98,-0.925,1317,1317,24.35,24.35,0.407,0.495
"2025-10-11 14:00:00",1034,737.7,0,0,0,0.845,101.9,2.55,20.95,9.7,1019.381,0.479,2.978,37.6,24.8,-0.1,2.25,2.6556,"013CAMPBELLCLIM50535VUE-500004413",0,34.38,24.78,0.551,1273,1273,25.92,25.92,0.403,0.494
"2025-10-11 15:00:00",1035,658.8,0,0,0,0.747,186.7,2.718,22.23,9.283334,1018.731,0.423,2.415,33.6,26.3,-0.067,2.15,2.3718,"013CAMPBELLCLIM50535VUE-500004413",0,35.02,25.68,2.852,1260,1260,27.46,27.46,0.4,0.494
"2025-10-11 16:00:00",1036,531.2,0,0,0,0.722,237.5,2.41,23.05,9.383333,1017.964,0.336,1.688,33.4,26.6,-0.1,2.083,1.9122,"013CAMPBELLCLIM50535VUE-500004413",0,34.84,26.4,5.699,1227,1227,28.42,28.41,0.398,0.494
"2025-10-11 17:00:00",1037,370,0,0,0,0.675,203.3,2.463,23.08,9.5,1017.814,0.219,0.879,33.8,26.2,-0.1,2.15,1.332,"013CAMPBELLCLIM50535VUE-500004413",0,30.32,25.52,8.07,1217,1217,28.33,28.34,0.397,0.494
"2025-10-11 18:00:00",1038,137.8,0,0,0,0.697,190,2.683,22.27,9.549999,1017.781,0.054,0.151,36.9,22.6,-0.05,2.233,0.4962,"013CAMPBELLCLIM50535VUE-500004413",0,24.4,23.61,9.01,1206,1206,26.35,26.35,0.396,0.493
"2025-10-11 19:00:00",1039,14.83,0,0,0,0.7,249,2.583,19.9,9.75,1018.331,-0.003,0,44.5,19,-0.083,2.283,0.0534,"013CAMPBELLCLIM50535VUE-500004413",0,17.48,19.73,8.7,1238,1238,22.33,22.33,0.395,0.493
"2025-10-11 20:00:00",1040,0,0,0,0,0.27,110.5,0.89,17,9.666667,1019.031,-0.027,0,54.1,15.5,-0.267,2.3,0,"013CAMPBELLCLIM50535VUE-500004413",0,13.26,15.94,7.66,1321,1321,18.68,18.69,0.393,0.493
"2025-10-11 21:00:00",1041,0,0,0,0,0.313,95.7,1.27,15.58,9.466666,1019.298,-0.024,0,54,14.6,-0.117,2.233,0,"013CAMPBELLCLIM50535VUE-500004413",0,12.26,14.32,6.223,1361,1361,15.72,15.72,0.392,0.493
"2025-10-11 22:00:00",1042,0,0,0,0,0.137,39.7,0.403,13.43,9.183333,1019.348,-0.03,0,66.2,12.1,-0.3,2.2,0,"013CAMPBELLCLIM50535VUE-500004413",0,9.83,12.19,4.616,1359,1359,13.57,13.58,0.391,0.493
"2025-10-11 23:00:00",1043,0,0,0,0,0.105,221.1,0.28,10.83,9.233334,1018.864,-0.029,0,70.3,9.6,-0.233,2.267,0,"013CAMPBELLCLIM50535VUE-500004413",0,8.08,9.25,3.04,1330,1330,11,11,0.39,0.493
"2025-10-12 00:00:00",1044,0,0,0,0,0.238,292.6,0.852,11.22,8.366667,1018.298,-0.025,0,61.1,10.3,-0.25,2.233,0,"013CAMPBELLCLIM50535VUE-500004413",0,8.44,10.15,1.477,1295,1295,9.56,9.56,0.389,0.493
"2025-10-12 01:00:00",1045,0,0,0,0,0.122,215.3,0.38,9.45,8.516666,1017.514,-0.028,0,76.3,8.4,-0.283,2.267,0,"013CAMPBELLCLIM50535VUE-500004413",0,6.734,8.4,-0.028,1303,1303,8.56,8.56,0.387,0.493
"2025-10-12 02:00:00",1046,0,0,0,0,0.117,170.2,0.3,8.1,8.6,1016.814,-0.027,0,83.5,7.3,-0.283,2.333,0,"013CAMPBELLCLIM50535VUE-500004413",0,5.945,6.581,-1.4,1285,1285,7.135,7.127,0.387,0.493
"2025-10-12 03:00:00",1047,0,0,0,0,0.105,227.7,0.292,7.367,8.766666,1016.198,-0.026,0,87.1,6.6,-0.35,2.317,0,"013CAMPBELLCLIM50535VUE-500004413",0,5.418,5.821,-2.663,1304,1304,6.142,6.146,0.386,0.493
"2025-10-12 04:00:00",1048,0,0,0,0,0.12,192.8,0.278,6.5,8.616667,1015.948,-0.025,0,88.9,5.8,-0.333,2.25,0,"013CAMPBELLCLIM50535VUE-500004413",0,4.839,5.162,-3.824,1295,1295,5.24,5.242,0.385,0.493
"2025-10-12 05:00:00",1049,0,0,0,0,0.135,242.8,0.315,6.133,8.566667,1015.948,-0.025,0,90.3,5.4,-0.283,2.333,0,"013CAMPBELLCLIM50535VUE-500004413",0,4.725,4.927,-4.884,1278,1278,4.709,4.712,0.384,0.493
"2025-10-12 06:00:00",1050,0,0,0,0,0.392,230.5,0.87,7.267,8.366667,1015.981,0.005,0.185,80.8,6.7,-0.3,2.317,0,"013CAMPBELLCLIM50535VUE-500004413",0,5.366,6.163,-5.836,1285,1285,4.594,4.591,0.383,0.493
"2025-10-12 07:00:00",1051,12.67,0,0,0,0.195,217.9,0.413,6.75,8.366667,1016.148,0.009,0.938,86.3,6.1,-0.3,2.333,0.0456,"013CAMPBELLCLIM50535VUE-500004413",0,5.014,5.938,-6.667,1250,1250,4.746,4.745,0.382,0.493
"2025-10-12 08:00:00",1052,153,0,0,0,0.178,248.6,0.547,9.75,9.349999,1016.048,0.084,1.741,67.6,14.7,-0.283,2.183,0.5508,"013CAMPBELLCLIM50535VUE-500004413",0,8.12,8.03,-7.358,1194,1194,6.452,6.455,0.382,0.493
"2025-10-12 09:00:00",1053,329,0,0,0,0.42,19,1.198,14.32,9.883333,1016.348,0.195,2.454,55.4,19.5,-0.233,2.217,1.1844,"013CAMPBELLCLIM50535VUE-500004413",0,15.53,14.64,-7.879,1193,1193,11.97,11.97,0.381,0.493
"2025-10-12 10:00:00",1054,498.8,0,0,0,0.497,140.8,1.523,17.25,9.866667,1016.064,0.312,3.012,48,22.4,-0.117,2.25,1.7958,"013CAMPBELLCLIM50535VUE-500004413",0,21.31,19.25,-8.01,1165,1165,17.36,17.36,0.38,0.493
"2025-10-12 11:00:00",1055,641.2,0,0,0,0.587,66.1,1.627,20.32,10.05,1015.498,0.423,3.362,38.6,24.9,-0.033,2.267,2.3082,"013CAMPBELLCLIM50535VUE-500004413",0,27.71,23.36,-7.581,1174,1174,22.19,22.2,0.38,0.493
"2025-10-12 12:00:00",1056,737,0,0,0,0.635,96.9,1.945,22.93,9.783333,1014.981,0.505,3.482,32,27.3,-0.033,2.283,2.6532,"013CAMPBELLCLIM50535VUE-500004413",0,33.04,26.41,-6.592,1158,1158,26.05,26.04,0.378,0.493
"2025-10-12 13:00:00",1057,775,0,0,0,0.713,169.4,2.365,25.45,9.400001,1014.364,0.548,3.36,26.5,29.3,-0.033,2.2,2.79,"013CAMPBELLCLIM50535VUE-500004413",0,37.81,29.26,-4.966,1161,1161,28.98,28.98,0.379,0.493
"2025-10-12 14:00:00",1058,744.7,0,0,0,0.895,162,2.825,26.55,9.1,1013.781,0.533,3,26.1,30,0.067,2.25,2.6808,"013CAMPBELLCLIM50535VUE-500004413",0,38.96,29.94,-2.421,1135,1135,30.86,30.86,0.378,0.493
"2025-10-12 15:00:00",1059,664.3,0,0,0,0.915,173.2,3.415,27.13,9.016666,1013.298,0.467,2.43,24.6,30.3,0.083,2.133,2.3916,"013CAMPBELLCLIM50535VUE-500004413",0,38.27,30.07,1.575,1132,1132,31.94,31.94,0.422,0.493
"2025-10-12 16:00:00",1060,534.8,0,0,0,0.92,158,3.09,27.07,9.416666,1012.864,0.369,1.699,27.5,29.9,0.1,2.133,1.9254,"013CAMPBELLCLIM50535VUE-500004413",0,36.23,29.55,7.677,1243,1243,32.23,32.24,0.444,0.496
"2025-10-12 17:00:00",1061,373.2,0,0,0,0.863,158.6,2.703,26.47,9.716667,1012.864,0.243,0.888,28.8,29.1,-0.067,2.117,1.3434,"013CAMPBELLCLIM50535VUE-500004413",0,32.05,28.53,11.29,1705,1705,31.53,31.54,0.449,0.496
"2025-10-12 18:00:00",1062,138.2,0,0,0,0.805,163.7,2.395,24.87,9.283333,1013.281,0.063,0.157,30.2,24.9,0.033,2.183,0.4974,"013CAMPBELLCLIM50535VUE-500004413",0,25.52,25.92,10.79,1741,1741,29.14,29.14,0.433,0.496
"2025-10-12 19:00:00",1063,15.83,0,0,0,0.567,87.2,1.975,22.17,9.083333,1013.981,-0.007,0,38.3,21.1,-0.083,2.25,0.057,"013CAMPBELLCLIM50535VUE-500004413",0,18.81,21.88,9.56,1521,1521,24.68,24.68,0.419,0.496
"2025-10-12 20:00:00",1064,0.167,0,0,0,0.23,90.5,0.918,19.38,9.85,1014.981,-0.03,0,49.7,18.2,-0.167,2.233,0.0006,"013CAMPBELLCLIM50535VUE-500004413",0,15.23,18.18,8.41,1473,1473,20.8,20.8,0.413,0.495
"2025-10-12 21:00:00",1065,0,0,0,0,0.2,89.9,0.882,17.55,9.966666,1015.998,-0.03,0,51.5,16.6,-0.217,2.233,0,"013CAMPBELLCLIM50535VUE-500004413",0,13.97,16.01,7.064,1419,1419,17.79,17.79,0.41,0.494
"2025-10-12 22:00:00",1066,0,0,0,0,0.212,60.2,0.815,16.28,10.23333,1016.498,-0.029,0,59.6,15.3,-0.267,2.283,0,"013CAMPBELLCLIM50535VUE-500004413",0,12.64,14.95,5.58,1421,1421,15.85,15.85,0.407,0.494
"2025-10-12 23:00:00",1067,0,0,0,0,0.103,118.3,0.257,14.08,10.68333,1016.198,-0.031,0,73,12.9,-0.3,2.3,0,"013CAMPBELLCLIM50535VUE-500004413",0,10.67,12.5,4.102,1387,1387,13.93,13.93,0.405,0.494
"2025-10-13 00:00:00",1068,0,0,0,0,0.083,204.5,0.208,12,11.03333,1015.764,-0.029,0,81.4,11.1,-0.283,2.2,0,"013CAMPBELLCLIM50535VUE-500004413",0,9.59,10.53,2.689,1368,1368,11.87,11.87,0.403,0.494
"2025-10-13 01:00:00",1069,0,0,0,0,0.107,306.9,0.243,10.72,10.81667,1015.414,-0.028,0,83.5,10,-0.267,2.3,0,"013CAMPBELLCLIM50535VUE-500004413",0,8.84,9.2,1.339,1341,1341,10.22,10.22,0.401,0.494
"2025-10-13 02:00:00",1070,0,0,0,0,0.087,233.5,0.153,9.63,10.48333,1014.948,-0.028,0,88.4,8.8,-0.317,2.183,0,"013CAMPBELLCLIM50535VUE-500004413",0,7.83,8.23,0.067,1303,1303,9.03,9.03,0.4,0.494
"2025-10-13 03:00:00",1071,0,0,0,0,0.09,221.5,0.178,8.57,10.08333,1014.231,-0.027,0,91.3,7.9,-0.333,2.3,0,"013CAMPBELLCLIM50535VUE-500004413",0,7.122,7.128,-1.113,1293,1293,7.855,7.861,0.398,0.494
"2025-10-13 04:00:00",1072,0,0,0,0,0.118,184.6,0.273,8.2,10,1013.948,-0.026,0,93.6,7.6,-0.367,2.317,0,"013CAMPBELLCLIM50535VUE-500004413",0,6.714,6.903,-2.222,1294,1294,7.075,7.077,0.397,0.494
"2025-10-13 05:00:00",1073,0,0,0,0,0.14,170,0.413,8.2,10.05,1014.214,-0.026,0,91,7.8,-0.283,2.25,0,"013CAMPBELLCLIM50535VUE-500004413",0,6.851,6.982,-3.255,1304,1304,6.616,6.615,0.396,0.494
"2025-10-13 06:00:00",1074,0,0,0,0,0.105,232.5,0.265,7.967,10.03333,1014.481,0.001,0.196,94.8,7.2,-0.35,2.25,0,"013CAMPBELLCLIM50535VUE-500004413",0,6.356,6.834,-4.196,1293,1293,6.453,6.45,0.395,0.494
"2025-10-13 07:00:00",1075,14.33,0,0,0,0.335,280,0.852,8.67,9.9,1014.881,0.011,0.946,78.4,8.9,-0.3,2.25,0.0516,"013CAMPBELLCLIM50535VUE-500004413",0,7.529,7.553,-5.029,1295,1295,6.249,6.252,0.393,0.494
"2025-10-13 08:00:00",1076,150.3,0,0,0,0.46,278,1.148,12.63,10.9,1015.398,0.092,1.744,68.4,16.7,-0.2,2.283,0.5412,"013CAMPBELLCLIM50535VUE-500004413",0,10.52,11.93,-5.751,1295,1295,8.88,8.87,0.392,0.494
"2025-10-13 09:00:00",1077,320.8,0,0,0,0.422,271.3,1.257,16.13,11.25,1015.414,0.199,2.455,56.8,21.3,-0.167,2.267,1.155,"013CAMPBELLCLIM50535VUE-500004413",0,17.23,16.44,-6.262,1295,1295,14.15,14.14,0.39,0.494
"2025-10-13 10:00:00",1078,485.7,0,0,0,0.552,312.5,1.67,18.85,11.25,1015.064,0.315,3.01,48.5,23.9,-0.1,2.267,1.7484,"013CAMPBELLCLIM50535VUE-500004413",0,22.51,20.33,-6.354,1277,1277,19.16,19.16,0.389,0.494
"2025-10-13 11:00:00",1079,625.3,0,0,0,0.537,336.2,1.773,21.83,11.61667,1014.498,0.424,3.354,41.1,26.6,-0.05,2.267,2.2512,"013CAMPBELLCLIM50535VUE-500004413",0,28.09,24.14,-5.916,1247,1247,23.71,23.71,0.388,0.494
"2025-10-13 12:00:00",1080,716.5,0,0,0,0.613,302.9,1.86,23.82,11.7,1013.731,0.499,3.466,37.8,28.1,-0.017,2.25,2.5794,"013CAMPBELLCLIM50535VUE-500004413",0,33.84,27.29,-4.933,1216,1216,27.28,27.28,0.388,0.494
"2025-10-13 13:00:00",1081,749.8,0,0,0,0.617,131.2,1.837,26.38,11.6,1012.914,0.537,3.341,31,30.5,-0.05,2.15,2.6994,"013CAMPBELLCLIM50535VUE-500004413",0,38.27,30.29,-3.34,1204,1204,30,30,0.387,0.494
"2025-10-13 14:00:00",1082,728.5,0,0,0,0.848,152.7,2.61,27.63,10.7,1012.348,0.531,2.99,29,31,0.033,2.183,2.6226,"013CAMPBELLCLIM50535VUE-500004413",0,39.91,31.17,-0.88,1192,1192,32.05,32.05,0.387,0.494
"2025-10-13 15:00:00",1083,650.5,0,0,0,0.968,164.3,3.25,27.82,11.06667,1011.814,0.467,2.419,31.7,31,0.017,2.183,2.3418,"013CAMPBELLCLIM50535VUE-500004413",0,39.38,30.85,2.641,1159,1159,32.91,32.91,0.387,0.494
"2025-10-13 16:00:00",1084,522.2,0,0,0,1.072,156.7,3.637,27.83,11.51667,1011.331,0.372,1.693,29.5,30.5,0.083,2.25,1.8798,"013CAMPBELLCLIM50535VUE-500004413",0,37.22,30.52,6.47,1112,1112,33.04,33.04,0.387,0.494
"2025-10-13 17:00:00",1085,363.2,0,0,0,0.928,188.6,2.703,27.22,10.46667,1011.398,0.243,0.895,30.7,29.6,0.05,2.117,1.3074,"013CAMPBELLCLIM50535VUE-500004413",0,32.55,29.13,9.41,1076,1076,32.26,32.27,0.387,0.494
"2025-10-13 18:00:00",1086,140.2,0,0,0,0.84,136.2,3.078,25.92,11.15,1011.798,0.07,0.163,36.1,26.1,0.067,2.1,0.5046,"013CAMPBELLCLIM50535VUE-500004413",0,27.3,27.05,10.59,1062,1062,30.02,30.03,0.387,0.494
"2025-10-13 19:00:00",1087,16.5,0,0,0,0.585,99.1,1.828,23.08,11.81667,1012.364,-0.006,0,46.2,22.2,-0.05,2.233,0.0594,"013CAMPBELLCLIM50535VUE-500004413",0,20.28,22.79,10.38,1056,1056,25.79,25.79,0.386,0.494
"2025-10-13 20:00:00",1088,0.167,0,0,0,0.428,115.1,1.305,20.68,12.18333,1012.898,-0.02,0,52.4,19.7,-0.05,2.2,0.0006,"013CAMPBELLCLIM50535VUE-500004413",0,17.41,19.85,9.42,1054,1054,22.16,22.17,0.386,0.494
"2025-10-13 21:00:00",1089,0,0,0,0,0.415,118.2,1.508,19.17,12.21667,1013.431,-0.021,0,56.8,18.2,-0.2,2.15,0,"013CAMPBELLCLIM50535VUE-500004413",0,16.1,18.29,8.08,1069,1069,19.55,19.55,0.385,0.494
"2025-10-13 22:00:00",1090,0,0,0,0,0.235,97.1,0.845,17.65,12.18333,1013.864,-0.028,0,62.9,16.7,-0.2,2.267,0,"013CAMPBELLCLIM50535VUE-500004413",0,14.36,16.67,6.613,1083,1083,17.53,17.54,0.385,0.494
"2025-10-13 23:00:00",1091,0,0,0,0,0.138,78.8,0.333,15.95,12.35,1014.064,-0.03,0,70.9,14.9,-0.15,2.35,0,"013CAMPBELLCLIM50535VUE-500004413",0,12.66,14.59,5.154,1092,1092,15.65,15.64,0.384,0.494
"2025-10-14 00:00:00",1092,0,0,0,0,0.093,50.8,0.248,14.38,12.25,1013.931,-0.03,0,79,13.3,-0.25,2.233,0,"013CAMPBELLCLIM50535VUE-500004413",0,11.37,12.72,3.761,1070,1070,13.94,13.95,0.384,0.493
"2025-10-14 01:00:00",1093,0,0,0,0,0.088,117.9,0.233,12.7,12.28333,1013.848,-0.029,0,85,11.9,-0.267,2.25,0,"013CAMPBELLCLIM50535VUE-500004413",0,10.4,11.17,2.433,1056,1056,12.29,12.29,0.383,0.493
"2025-10-14 02:00:00",1094,0,0,0,0,0.085,186.8,0.265,11.8,12.15,1013.581,-0.028,0,90.4,11.1,-0.217,2.233,0,"013CAMPBELLCLIM50535VUE-500004413",0,9.8,10.49,1.188,1049,1049,11.07,11.08,0.382,0.493
"2025-10-14 03:00:00",1095,0,0,0,0,0.09,192.8,0.213,10.78,11.86667,1013.314,-0.028,0,93.3,10.1,-0.317,2.333,0,"013CAMPBELLCLIM50535VUE-500004413",0,8.92,9.46,0.034,1036,1036,10.01,10.01,0.382,0.493
"2025-10-14 04:00:00",1096,0,0,0,0,0.098,179.7,0.298,10.07,11.53333,1013.198,-0.027,0,92.5,9.4,-0.333,2.267,0,"013CAMPBELLCLIM50535VUE-500004413",0,8.59,8.9,-1.025,1027,1027,9.12,9.12,0.381,0.493
"2025-10-14 05:00:00",1097,0,0,0,0,0.08,240.4,0.153,9.47,11.33333,1013.331,-0.027,0,96.2,8.8,-0.233,2.267,0,"013CAMPBELLCLIM50535VUE-500004413",0,7.939,8.33,-2.004,1008,1008,8.48,8.49,0.381,0.493
"2025-10-14 06:00:00",1098,0.167,0,0,0,0.082,226.2,0.143,8.88,11.05,1013.631,0.001,0.206,97.8,8.3,-0.35,2.3,0.0006,"013CAMPBELLCLIM50535VUE-500004413",0,7.568,7.812,-2.906,986,986,7.874,7.875,0.38,0.493
"2025-10-14 07:00:00",1099,18.33,0,0,0,0.08,230.6,0.153,8.77,11.06667,1014.198,0.011,0.957,97.8,8.9,-0.383,2.333,0.066,"013CAMPBELLCLIM50535VUE-500004413",0,8.4,7.862,-3.737,949,949,7.526,7.527,0.38,0.493
"2025-10-14 08:00:00",1100,153.2,0,0,0,0.162,158,0.56,12.93,13.26667,1014.748,0.09,1.741,77.4,17.3,-0.25,2.2,0.5514,"013CAMPBELLCLIM50535VUE-500004413",0,12.11,11.17,-4.482,958,958,9.62,9.62,0.379,0.494
"2025-10-14 09:00:00",1101,314.7,0,0,0,0.41,288.6,1.17,17.17,13.25,1014.948,0.199,2.449,63.8,22.2,-0.117,2.217,1.1328,"013CAMPBELLCLIM50535VUE-500004413",0,18.2,17.4,-5.008,974,974,14.95,14.95,0.379,0.494
"2025-10-14 10:00:00",1102,477.3,0,0,0,0.585,330.4,1.6,19.33,13,1014.931,0.313,3.004,54.4,24.4,-0.133,2.267,1.7184,"013CAMPBELLCLIM50535VUE-500004413",0,23.01,20.74,-5.077,958,958,19.92,19.92,0.378,0.494
"2025-10-14 11:00:00",1103,611.8,0,0,0,0.545,169.1,1.467,21.8,13.2,1014.881,0.415,3.347,48.6,26.4,-0.083,2.367,2.2026,"013CAMPBELLCLIM50535VUE-500004413",0,28.53,24.45,-4.603,933,933,24.18,24.19,0.377,0.494
"2025-10-14 12:00:00",1104,713,0,0,0,0.715,189.4,2.032,23.45,13.28333,1014.581,0.495,3.458,45.2,27.4,-0.1,2.15,2.5668,"013CAMPBELLCLIM50535VUE-500004413",0,33.53,26.72,-3.626,921,921,27.45,27.45,0.377,0.494
"2025-10-14 13:00:00",1105,749.7,0,0,0,0.7,241.7,2.088,25.13,12.78333,1013.714,0.53,3.335,37.2,29.4,-0.083,2.183,2.6988,"013CAMPBELLCLIM50535VUE-500004413",0,37.46,28.77,-2.115,918,918,29.48,29.48,0.377,0.494
"2025-10-14 14:00:00",1106,727.7,0,0,0,0.742,273.5,2.137,26.82,11.93333,1012.948,0.52,2.987,33.3,30.8,-0.05,2.2,2.6196,"013CAMPBELLCLIM50535VUE-500004413",0,39.8,30.26,0.169,923,923,31.28,31.28,0.377,0.494
"2025-10-14 15:00:00",1107,643,0,0,0,1.007,152.1,3.458,27.07,12.75,1012.481,0.459,2.411,38.1,30,0.017,2.167,2.3148,"013CAMPBELLCLIM50535VUE-500004413",0,37.99,29.98,3.735,923,923,32.33,32.33,0.414,0.494
"2025-10-14 16:00:00",1108,513,0,0,0,1.102,156.9,3.192,25.9,13.33333,1012.148,0.355,1.69,41.3,28.3,-0.017,2.217,1.8468,"013CAMPBELLCLIM50535VUE-500004413",0,34,27.91,9.09,1112,1112,31.93,31.94,0.445,0.496
"2025-10-14 17:00:00",1109,351.2,0,0,0,1.067,124.8,3.247,24.03,13.78333,1012.448,0.226,0.891,48.6,26.4,0,2.117,1.2642,"013CAMPBELLCLIM50535VUE-500004413",0,30.37,25.87,11.63,1077,1077,30.09,30.1,0.435,0.497
"2025-10-14 18:00:00",1110,117.7,0,0,0,0.858,112.3,2.672,21.35,13.71667,1013.398,0.046,0.168,58,21.4,-0.167,2.233,0.4236,"013CAMPBELLCLIM50535VUE-500004413",0,22.23,22.02,11.44,1105,1105,26.82,26.82,0.421,0.497
"2025-10-14 19:00:00",1111,22,0,0,0,0.772,128.8,2.427,18.33,13.18333,1013.998,-0.004,0,66,17.8,-0.067,2.267,0.0792,"013CAMPBELLCLIM50535VUE-500004413",0,17.29,18.08,10.59,1121,1121,22.2,22.21,0.414,0.497
"2025-10-14 20:00:00",1112,0.167,0,0,0,0.842,127.9,2.953,16.22,13,1014.714,-0.012,0,73.7,15.6,-0.2,2.317,0.0006,"013CAMPBELLCLIM50535VUE-500004413",0,14.91,15.8,9.31,1168,1168,18.69,18.69,0.41,0.495
"2025-10-14 21:00:00",1113,0,0,0,0,0.502,131.8,1.915,14.63,12.73333,1015.331,-0.021,0,78.2,14.1,-0.267,2.283,0,"013CAMPBELLCLIM50535VUE-500004413",0,13.18,14.03,7.723,1165,1165,16.05,16.05,0.407,0.495
"2025-10-14 22:00:00",1114,0,0,0,0,0.328,138.1,1.33,13.52,12.53333,1015.681,-0.024,0,82.5,12.9,-0.2,2.25,0,"013CAMPBELLCLIM50535VUE-500004413",0,12.08,12.76,6.05,1160,1160,14.09,14.09,0.405,0.495
"2025-10-14 23:00:00",1115,0,0,0,0,0.275,130.2,0.955,12.65,12.43333,1015.698,-0.025,0,86.4,12,-0.2,2.267,0,"013CAMPBELLCLIM50535VUE-500004413",0,11.38,11.95,4.459,1157,1157,12.74,12.74,0.403,0.495
"2025-10-15 00:00:00",1116,0,0,0,0,0.303,159.6,1.073,11.97,12.33333,1015.664,-0.025,0,88.8,11.6,-0.3,2.3,0,"013CAMPBELLCLIM50535VUE-500004413",0,11.03,11.17,3,1176,1176,11.66,11.66,0.401,0.495
"2025-10-15 01:00:00",1117,0,0,0,0,0.378,158.2,1.453,11.48,12.31667,1015.848,-0.024,0,92,11.1,-0.25,2.2,0,"013CAMPBELLCLIM50535VUE-500004413",0,10.58,10.99,1.685,1181,1181,11.11,11.11,0.399,0.495
"2025-10-15 02:00:00",1118,0,0,0,0,0.405,138.2,1.428,11.5,12.53333,1016.081,-0.024,0,92.5,11.7,-0.317,2.25,0,"013CAMPBELLCLIM50535VUE-500004413",0,12.06,11.23,0.524,1174,1174,10.97,10.96,0.398,0.495
"2025-10-15 03:00:00",1119,0,0,0,0,0.355,164.6,1.382,11.92,12.8,1016.198,-0.024,0,91.2,12.1,-0.15,2.317,0,"013CAMPBELLCLIM50535VUE-500004413",0,12.47,11.75,-0.477,1173,1173,11.55,11.54,0.397,0.495
"2025-10-15 04:00:00",1120,0,0,0,0,0.42,154.3,1.463,11.95,12.8,1016.231,-0.024,0,92.1,12,-0.367,2.317,0,"013CAMPBELLCLIM50535VUE-500004413",0,12.41,11.78,-1.255,1166,1166,11.89,11.88,0.396,0.495
"2025-10-15 05:00:00",1121,0,0,0,0,0.358,179.2,1.108,11.85,12.78333,1016.531,-0.024,0,92.2,12,-0.217,2.267,0,"013CAMPBELLCLIM50535VUE-500004413",0,12.37,11.67,-1.833,1172,1172,12,12,0.395,0.495
"2025-10-15 06:00:00",1122,0,0,0,0,0.212,201.4,0.768,11.98,12.85,1016.998,0.002,0.217,91.8,12.2,-0.233,2.183,0,"013CAMPBELLCLIM50535VUE-500004413",0,12.52,11.75,-2.31,1181,1181,12.09,12.09,0.394,0.495
"2025-10-15 07:00:00",1123,3.333,0,0,0,0.243,206.8,0.723,12.1,12.9,1017.581,0.004,0.964,91.4,12.3,-0.267,2.267,0.012,"013CAMPBELLCLIM50535VUE-500004413",0,12.65,11.91,-2.687,1175,1175,12.21,12.21,0.393,0.495
"2025-10-15 08:00:00",1124,21,0,0,0,0.325,301.7,1.048,12.32,13.01667,1017.998,0.015,1.759,91.5,12.8,-0.25,2.35,0.0756,"013CAMPBELLCLIM50535VUE-500004413",0,13.12,12.25,-2.98,1176,1176,12.46,12.45,0.392,0.495
"2025-10-15 09:00:00",1125,43.67,0,0,0,0.315,303.5,1.08,12.52,13.11667,1018.231,0.029,2.467,90.1,13.2,-0.167,2.25,0.1572,"013CAMPBELLCLIM50535VUE-500004413",0,13.89,12.67,-3.186,1162,1162,12.9,12.89,0.392,0.495
"2025-10-15 10:00:00",1126,101.8,0,0,0,0.338,6.5,1.042,12.83,13.3,1018.348,0.064,3.015,88.8,14.4,-0.217,2.3,0.3666,"013CAMPBELLCLIM50535VUE-500004413",0,15.5,13.49,-3.311,1155,1155,13.59,13.59,0.391,0.495
"2025-10-15 11:00:00",1127,254.3,0,0,0,0.503,294.4,1.423,13.98,13.76667,1017.998,0.158,3.354,84.3,17.5,-0.25,2.283,0.9156,"013CAMPBELLCLIM50535VUE-500004413",0,19.68,15.69,-3.312,1145,1145,15.45,15.46,0.39,0.495
"2025-10-15 12:00:00",1128,499.7,0,0,0,0.622,164.3,2.103,16.15,14.35,1017.848,0.305,3.459,74,20.8,-0.167,2.233,1.7988,"013CAMPBELLCLIM50535VUE-500004413",0,25.63,18.59,-3.058,1151,1151,18.78,18.78,0.39,0.495
"2025-10-15 13:00:00",1129,713.7,0,0,0,0.787,188.4,2.557,19.02,14.51667,1017.398,0.449,3.328,60.9,23.4,-0.15,2.267,2.5692,"013CAMPBELLCLIM50535VUE-500004413",0,31.65,22.54,-2.329,1146,1146,22.05,22.05,0.389,0.495
"2025-10-15 14:00:00",1130,720.8,0,0,0,1.072,183.8,3.39,21.17,14.05,1017.114,0.47,2.973,50.5,24.5,-0.05,2.283,2.595,"013CAMPBELLCLIM50535VUE-500004413",0,34.01,24.4,-0.896,1123,1123,24.74,24.74,0.389,0.495
"2025-10-15 15:00:00",1131,657.7,0,0,0,1.01,191.8,3.605,22.55,11.23333,1016.564,0.433,2.438,36.9,25.8,0.017,2.1,2.3676,"013CAMPBELLCLIM50535VUE-500004413",0,34.09,25.41,1.593,1120,1120,26.54,26.55,0.389,0.495
"2025-10-15 16:00:00",1132,531.5,0,0,0,1.13,183.1,4.015,23,10.06667,1016.364,0.35,1.726,33.1,25.8,-0.133,2.167,1.9134,"013CAMPBELLCLIM50535VUE-500004413",0,32.86,25.21,4.589,1112,1112,27.48,27.48,0.389,0.495
"2025-10-15 17:00:00",1133,372.5,0,0,0,0.983,161.9,3.277,23.33,9.616667,1016.314,0.235,0.92,35.9,25.8,-0.117,2.167,1.341,"013CAMPBELLCLIM50535VUE-500004413",0,29.54,25.26,6.81,1093,1093,27.57,27.57,0.389,0.495
"2025-10-15 18:00:00",1134,140.2,0,0,0,0.723,187.1,2.445,22.68,10.65,1016.714,0.058,0.177,41.8,23,-0.017,2.183,0.5046,"013CAMPBELLCLIM50535VUE-500004413",0,24.59,23.83,7.465,1080,1080,26.14,26.14,0.388,0.495
"2025-10-15 19:00:00",1135,16.5,0,0,0,0.503,101,1.678,20.68,11.41667,1016.964,-0.011,0,50.5,19.9,-0.117,2.25,0.0594,"013CAMPBELLCLIM50535VUE-500004413",0,18.43,20.4,7.038,1069,1069,22.6,22.6,0.387,0.495
"2025-10-15 20:00:00",1136,0.167,0,0,0,0.303,125.5,0.958,18.35,12.01667,1017.331,-0.025,0,63.7,17.1,-0.2,2.233,0.0006,"013CAMPBELLCLIM50535VUE-500004413",0,14.89,17.48,6.095,1073,1073,19.47,19.48,0.387,0.495
"2025-10-15 21:00:00",1137,0,0,0,0,0.108,61.8,0.372,15.5,12.31667,1017.564,-0.031,0,73.9,14.4,-0.2,2.25,0,"013CAMPBELLCLIM50535VUE-500004413",0,12.2,13.89,4.9,1057,1057,16.3,16.3,0.386,0.495
"2025-10-15 22:00:00",1138,0,0,0,0,0.1,151.3,0.272,14.15,12.81667,1017.848,-0.03,0,84.2,13.2,-0.267,2.25,0,"013CAMPBELLCLIM50535VUE-500004413",0,11.34,12.62,3.564,1060,1060,14.05,14.05,0.386,0.495
"2025-10-15 23:00:00",1139,0,0,0,0,0.09,204.2,0.247,12.33,12.63333,1017.531,-0.029,0,91.3,11.4,-0.2,2.317,0,"013CAMPBELLCLIM50535VUE-500004413",0,10.11,11.04,2.198,1065,1065,12.23,12.23,0.385,0.495
"2025-10-16 00:00:00",1140,0,0,0,0,0.067,240.9,0.197,11.02,12.26667,1017.114,-0.028,0,94.9,10.3,-0.333,2.267,0,"013CAMPBELLCLIM50535VUE-500004413",0,9.33,9.79,0.913,1055,1055,10.71,10.71,0.384,0.495
"2025-10-16 01:00:00",1141,0,0,0,0,0.153,278.4,0.473,11.35,12.21667,1016.964,-0.027,0,87.5,10.9,-0.217,2.3,0,"013CAMPBELLCLIM50535VUE-500004413",0,9.82,10.07,-0.287,1046,1046,9.84,9.84,0.384,0.494
"2025-10-16 02:00:00",1142,0,0,0,0,0.11,258.8,0.39,11.73,12.5,1016.931,-0.028,0,93,11,-0.317,2.283,0,"013CAMPBELLCLIM50535VUE-500004413",0,10.02,10.85,-1.384,1042,1042,9.95,9.94,0.383,0.494
"2025-10-16 03:00:00",1143,0,0,0,0,0.175,219.5,0.487,11.55,11.81667,1016.614,-0.027,0,84.4,11.2,-0.283,2.25,0,"013CAMPBELLCLIM50535VUE-500004413",0,10.11,10.52,-2.32,1029,1029,9.74,9.74,0.382,0.494
"2025-10-16 04:00:00",1144,0,0,0,0,0.127,230,0.337,11.15,11.73333,1016.448,-0.028,0,91.3,10.6,-0.267,2.283,0,"013CAMPBELLCLIM50535VUE-500004413",0,9.37,10.36,-3.078,1012,1012,9.65,9.66,0.382,0.494
"2025-10-16 05:00:00",1145,0,0,0,0,0.097,212,0.217,10.33,11.58333,1016.331,-0.027,0,94.1,9.7,-0.3,2.333,0,"013CAMPBELLCLIM50535VUE-500004413",0,8.84,9.37,-3.717,987,987,9.21,9.2,0.382,0.494
"2025-10-16 06:00:00",1146,0.167,0,0,0,0.103,215.6,0.257,9.82,11.48333,1016.364,0.001,0.229,95.7,9.4,-0.317,2.35,0.0006,"013CAMPBELLCLIM50535VUE-500004413",0,8.77,8.9,-4.297,967,967,8.79,8.8,0.382,0.494
"2025-10-16 07:00:00",1147,26.83,0,0,0,0.068,272.4,0.153,9.65,11.71667,1016.248,0.016,0.985,98.6,9.9,-0.4,2.233,0.0966,"013CAMPBELLCLIM50535VUE-500004413",0,9.81,8.95,-4.828,946,946,8.68,8.68,0.382,0.494
"2025-10-16 08:00:00",1148,101,0.017,0,0,0.162,120.6,0.517,12.12,12.86667,1016.098,0.062,1.776,87.6,13.6,-0.283,2.25,0.3636,"013CAMPBELLCLIM50535VUE-500004413",0,13.31,12.11,-5.282,931,931,10.06,10.06,0.382,0.495
"2025-10-16 09:00:00",1149,254.3,0,0,0,0.22,75,0.653,15.35,13.81667,1015.898,0.157,2.474,72.4,19.3,-0.183,2.167,0.9156,"013CAMPBELLCLIM50535VUE-500004413",0,18.26,16.95,-5.51,918,918,13.6,13.59,0.381,0.495
"2025-10-16 10:00:00",1150,378.8,0,0,0,0.347,29.4,0.932,18.32,13.78333,1015.848,0.247,3.024,61,22.8,-0.117,2.25,1.3638,"013CAMPBELLCLIM50535VUE-500004413",0,23.05,20.99,-5.316,902,902,18.55,18.55,0.381,0.495
"2025-10-16 11:00:00",1151,489.2,0,0,0,0.44,155.7,1.205,20.93,13.58333,1015.798,0.334,3.369,50.6,25.6,-0.083,2.267,1.761,"013CAMPBELLCLIM50535VUE-500004413",0,27.28,23.82,-4.638,905,905,22.63,22.62,0.381,0.495
"2025-10-16 12:00:00",1152,577.2,0,0,0,0.518,77.3,1.5,22.97,12.61667,1015.514,0.405,3.493,42.3,27.6,-0.083,2.233,2.0778,"013CAMPBELLCLIM50535VUE-500004413",0,31.75,26.55,-3.47,915,915,25.89,25.88,0.38,0.495
"2025-10-16 13:00:00",1153,596.8,0,0,0,0.615,174.4,1.78,24.7,12.4,1015.148,0.43,3.366,39.3,28.6,0.05,2.233,2.1486,"013CAMPBELLCLIM50535VUE-500004413",0,33.87,27.72,-1.852,919,919,28.62,28.62,0.379,0.495
"2025-10-16 14:00:00",1154,578.2,0,0,0,0.758,190.1,2.55,25.48,11.45,1014.898,0.421,3.016,32.9,28.9,0.05,2.167,2.0814,"013CAMPBELLCLIM50535VUE-500004413",0,34.96,28.36,0.22,914,914,29.89,29.89,0.379,0.495
"2025-10-16 15:00:00",1155,657.2,0,0,0,0.795,120.9,2.793,26.93,10.6,1014.481,0.46,2.458,28.2,30.9,0.033,2.25,2.3658,"013CAMPBELLCLIM50535VUE-500004413",0,38.26,30.32,2.677,917,917,31.32,31.32,0.38,0.495
"2025-10-16 16:00:00",1156,470.2,0,0,0,0.697,161.4,2.388,27.25,10.98333,1013.964,0.315,1.73,33.3,30.5,0.033,2.2,1.6926,"013CAMPBELLCLIM50535VUE-500004413",0,35.15,29.83,5.311,911,911,32.58,32.57,0.38,0.495
"2025-10-16 17:00:00",1157,265.8,0,0,0,0.773,139,2.627,26.08,11.98333,1013.848,0.16,0.919,37.7,27.9,-0.033,2.183,0.957,"013CAMPBELLCLIM50535VUE-500004413",0,29.22,27.25,7.541,916,916,31.03,31.03,0.38,0.495
"2025-10-16 18:00:00",1158,143.3,0,0,0,0.727,134.5,2.28,24.88,12.38333,1014.198,0.065,0.183,39.2,25.5,-0.133,2.183,0.516,"013CAMPBELLCLIM50535VUE-500004413",0,25.99,25.56,8.53,910,910,28.65,28.65,0.38,0.494
"2025-10-16 19:00:00",1159,39,0,0,0,0.51,116.8,1.78,23.23,11.55,1014.598,0,0,42.3,22.6,-0.067,2.3,0.1404,"013CAMPBELLCLIM50535VUE-500004413",0,21.13,23.05,8.48,916,916,25.65,25.65,0.379,0.494
"2025-10-16 20:00:00",1160,0.5,0,0,0,0.403,70.8,1.307,21.17,11.8,1014.781,-0.02,0,51.2,20.3,-0.1,2.3,0.0018,"013CAMPBELLCLIM50535VUE-500004413",0,17.87,20.45,7.83,916,916,22.45,22.45,0.379,0.494
"2025-10-16 21:00:00",1161,0,0,0,0,0.188,81.5,0.597,18.77,12.25,1015.431,-0.029,0,57.1,17.7,-0.267,2.333,0,"013CAMPBELLCLIM50535VUE-500004413",0,14.97,17.43,6.782,911,911,19.54,19.55,0.379,0.494
"2025-10-16 22:00:00",1162,0,0,0,0,0.16,58.1,0.612,17.6,11.91667,1015.514,-0.029,0,58.9,16.6,-0.267,2.283,0,"013CAMPBELLCLIM50535VUE-500004413",0,14.15,16.34,5.517,910,910,17.41,17.41,0.378,0.494
"2025-10-16 23:00:00",1163,0,0,0,0,0.14,209.8,0.503,16.02,10.6,1015.414,-0.03,0,63.9,14.7,-0.167,2.25,0,"013CAMPBELLCLIM50535VUE-500004413",0,12.13,14.82,4.195,920,920,15.63,15.63,0.378,0.494
"2025-10-17 00:00:00",1164,0,0,0,0,0.073,199.7,0.21,13.18,10.41667,1015.231,-0.03,0,71.3,12.2,-0.25,2.283,0,"013CAMPBELLCLIM50535VUE-500004413",0,10.37,11.73,2.905,935,935,13.33,13.33,0.377,0.494
"2025-10-17 01:00:00",1165,0,0,0,0,0.1,197.2,0.372,12.62,10.1,1014.931,-0.029,0,72.3,11.8,-0.35,2.267,0,"013CAMPBELLCLIM50535VUE-500004413",0,10.23,11.45,1.619,942,942,11.73,11.73,0.377,0.494
"2025-10-17 02:00:00",1166,0,0,0,0,0.215,309,0.692,13.32,10.11667,1014.714,-0.026,0,66.3,12.7,-0.217,2.3,0,"013CAMPBELLCLIM50535VUE-500004413",0,11.08,12.42,0.362,954,954,11.2,11.2,0.376,0.494
"2025-10-17 03:00:00",1167,0,0,0,0,0.107,248.6,0.307,12.27,10.23333,1014.464,-0.029,0,78.4,11,-0.283,2.283,0,"013CAMPBELLCLIM50535VUE-500004413",0,8.93,11.59,-0.786,957,957,10.78,10.78,0.375,0.494
"2025-10-17 04:00:00",1168,0,0,0,0,0.127,260.7,0.278,10.27,10.1,1014.148,-0.027,0,83.1,9.4,-0.3,2.25,0,"013CAMPBELLCLIM50535VUE-500004413",0,7.804,8.95,-1.785,942,942,9.26,9.26,0.375,0.494
"2025-10-17 05:00:00",1169,0,0,0,0,0.087,158.3,0.213,8.95,10.11667,1014.414,-0.026,0,90.9,8.1,-0.367,2.267,0,"013CAMPBELLCLIM50535VUE-500004413",0,6.916,7.683,-2.727,921,921,8.05,8.04,0.375,0.494
"2025-10-17 06:00:00",1170,0.167,0,0,0,0.087,234.9,0.232,8.3,10.15,1014.731,0.001,0.243,94.4,7.7,-0.4,2.3,0.0006,"013CAMPBELLCLIM50535VUE-500004413",0,6.699,7.089,-3.642,916,916,7.199,7.202,0.374,0.494
"2025-10-17 07:00:00",1171,23.17,0,0,0,0.117,281.8,0.42,8.47,10.41667,1015.264,0.014,1.007,93.8,8.6,-0.417,2.267,0.0834,"013CAMPBELLCLIM50535VUE-500004413",0,7.753,7.444,-4.504,925,925,6.872,6.874,0.373,0.494
"2025-10-17 08:00:00",1172,169.8,0,0,0,0.548,331.5,1.63,13.62,11.6,1015.481,0.105,1.802,67.7,17.7,-0.3,2.25,0.6114,"013CAMPBELLCLIM50535VUE-500004413",0,11.85,12.68,-5.262,922,922,9.72,9.73,0.373,0.494
