"TOA5","CR5000_2","CR5000","2447","CR5000.Std.07","CPU:Parcela3_final.CR5","8647","Table1"
"TIMESTAMP","RECORD","SlrFD_W_Avg","Rain_mm_Tot","Strikes_Tot","Dist_km_Avg","WS_ms_Avg","WindDir","MaxWS_ms_Avg","AirT_C_Avg","VP_mbar_Avg","BP_mbar_Avg","ETos","Rso","RH","RHT_C","TiltNS_deg_Avg","TiltWE_deg_Avg","SlrTF_MJ_Tot","CVMeta","Invalid_Wind","TT_C_Avg","SBT_C_Avg","SHF_Avg","NR_Wm2_Avg","CNR_Wm2_Avg","Temp_TC1_C_Avg","Temp_TC2_C_Avg","SWC_5CM_Avg","SWC_40CM_Avg"
"TS","RN","W/m^2","mm","count","kilometers","m/s","degrees","m/s","Deg C","mbar","mbar","Deg C","Deg C","%","Deg C","degrees","degrees","MJ/m^2","","","Deg C","Deg C","W/m^2","W/meter^2","W/m^2","Deg C","Deg C","m3/m3","m3/m3"
"","","Avg","Tot","Tot","Avg","Avg","Smp","Avg","Avg","Avg","Avg","ETsz","RSo","Smp","Smp","Avg","Avg","Tot","Smp","Smp","Avg","Avg","Avg","Avg","Avg","Avg","Avg","Avg","Avg"
"2025-09-02 10:00:00",94,58.67,0,0,0,0.605,283.8,1.627,9.47,11.78333,1019.481,0.032,2.196,98.4,10.1,0.017,2.267,0.2112,"013CAMPBELLCLIM50535VUE-500004413",0,10.61,9.66,-4.727,43.49,43.49,9.19,9.19,0.376,0.486
"2025-09-02 11:00:00",95,82.2,0,0,0,0.587,275.2,1.583,9.95,11.78333,1019.664,0.047,2.582,95.8,11,0.083,2.233,0.2958,"013CAMPBELLCLIM50535VUE-500004413",0,11.48,10.61,-4.436,85,85,10.04,10.04,0.378,0.486
"2025-09-02 12:00:00",96,76.5,0,0,0,0.728,142.1,1.828,10.55,11.86667,1019.748,0.045,2.745,91.8,11.4,0.1,2.3,0.2754,"013CAMPBELLCLIM50535VUE-500004413",0,11.87,11.2,-4.015,66.59,66.59,10.97,10.97,0.385,0.486
"2025-09-02 13:00:00",97,167.2,0,0,0,0.892,178.7,2.182,11.25,12,1019.398,0.098,2.671,88.1,13,0.183,2.3,0.6018,"013CAMPBELLCLIM50535VUE-500004413",0,14.44,12.34,-3.497,173.3,173.3,12.12,12.12,0.394,0.487
"2025-09-02 14:00:00",98,194.8,0,0,0,0.798,151.9,1.96,12.23,12.05,1019.081,0.116,2.37,81.8,14.5,0.133,2.367,0.7014,"013CAMPBELLCLIM50535VUE-500004413",0,16.18,13.71,-2.863,192.4,192.4,13.62,13.62,0.391,0.488
"2025-09-02 15:00:00",99,181.2,0,0,0,0.838,181.8,1.98,13.18,12,1018.831,0.11,1.866,77.7,14.8,0.117,2.267,0.6522,"013CAMPBELLCLIM50535VUE-500004413",0,16.48,14.94,-2.059,160.4,160.4,14.97,14.98,0.39,0.488
"2025-09-02 16:00:00",100,176,0,0,0,1.208,156.5,3.147,13.15,11.8,1019.031,0.097,1.209,76.7,14.7,0.083,2.233,0.6336,"013CAMPBELLCLIM50535VUE-500004413",0,15.65,14.14,-1.135,153.6,153.6,15.2,15.21,0.389,0.488
"2025-09-02 17:00:00",101,181.8,0,0,0,1.117,201.5,3.202,13.38,11.46667,1019.231,0.068,0.482,73.2,14.9,0.133,2.25,0.6546,"013CAMPBELLCLIM50535VUE-500004413",0,15.23,14.5,-0.286,106.7,106.7,15.25,15.25,0.388,0.488
"2025-09-02 18:00:00",102,64.33,0,0,0,0.948,177.3,2.397,13.07,11.05,1019.681,0.027,0,73.2,13.3,0.067,2.367,0.2316,"013CAMPBELLCLIM50535VUE-500004413",0,12.75,13.37,0.337,-3.738,-3.738,14.73,14.74,0.387,0.488
"2025-09-02 19:00:00",103,8.33,0,0,0,0.797,141.3,1.897,12.37,10.75,1020.114,0.01,0,76.5,12.2,0,2.233,0.03,"013CAMPBELLCLIM50535VUE-500004413",0,11.28,12.09,0.691,-33.83,-33.83,13.31,13.32,0.387,0.487
"2025-09-02 20:00:00",104,0,0,0,0,0.783,175.9,2.195,11.93,10.96667,1020.581,0.006,0,79.4,11.8,0.083,2.3,0,"013CAMPBELLCLIM50535VUE-500004413",0,10.89,11.59,0.681,-34.57,-34.57,12.36,12.36,0.386,0.487
"2025-09-02 21:00:00",105,0,0,0,0,0.915,161.9,2.422,11.42,11.05,1021.031,0.006,0,83.1,11.2,0.067,2.3,0,"013CAMPBELLCLIM50535VUE-500004413",0,10.39,11.15,0.399,-33.44,-33.44,11.67,11.67,0.386,0.487
"2025-09-02 22:00:00",106,0,0,0,0,0.56,131.8,1.447,10.67,10.95,1021.264,0.002,0,84.9,10.5,0.083,2.367,0,"013CAMPBELLCLIM50535VUE-500004413",0,9.63,10.45,0.015,-33.61,-33.61,11.03,11.02,0.385,0.487
"2025-09-02 23:00:00",107,0,0,0,0,0.46,147.8,1.233,10.47,10.76667,1021.064,0.001,0,85.5,10.4,0.1,2.25,0,"013CAMPBELLCLIM50535VUE-500004413",0,9.89,10.1,-0.393,-19.63,-19.63,10.51,10.51,0.384,0.487
"2025-09-03 00:00:00",108,0,0,0,0,0.455,131.9,1.42,10.23,10.65,1020.664,0.001,0,86,10.2,0.05,2.35,0,"013CAMPBELLCLIM50535VUE-500004413",0,9.73,9.92,-0.797,-19.02,-19.02,10.31,10.32,0.384,0.487
"2025-09-03 01:00:00",109,0,0,0,0,0.502,157.3,1.475,10.07,10.51667,1020.598,0.001,0,84.9,10.1,0.117,2.367,0,"013CAMPBELLCLIM50535VUE-500004413",0,9.72,9.76,-1.15,-14.56,-14.56,10.1,10.1,0.383,0.487
"2025-09-03 02:00:00",110,0,0,0,0,0.487,138,1.278,9.68,10.16667,1020.498,0.001,0,84.6,9.7,0.017,2.283,0,"013CAMPBELLCLIM50535VUE-500004413",0,9.34,9.48,-1.444,-15.87,-15.87,9.91,9.91,0.383,0.487
"2025-09-03 03:00:00",111,0,0,0,0,0.748,150.6,1.765,9.53,10.05,1019.998,0.003,0,83.9,9.6,0.05,2.283,0,"013CAMPBELLCLIM50535VUE-500004413",0,9.1,9.35,-1.69,-17.43,-17.43,9.67,9.67,0.382,0.487
"2025-09-03 04:00:00",112,0,0,0,0,0.465,65.6,1.16,9.32,9.9,1019.614,0.001,0,86.1,9.1,0.067,2.25,0,"013CAMPBELLCLIM50535VUE-500004413",0,8.46,9.01,-1.916,-26.85,-26.85,9.4,9.4,0.382,0.487
"2025-09-03 05:00:00",113,0,0,0,0,0.252,188.7,0.653,8.38,9.833333,1019.531,-0.002,0,92.1,7.8,0.033,2.267,0,"013CAMPBELLCLIM50535VUE-500004413",0,6.761,7.79,-2.137,-52.96,-52.96,8.67,8.67,0.382,0.487
"2025-09-03 06:00:00",114,0,0,0,0,0.382,333.9,0.86,7.35,9.466666,1019.414,-0.001,0,90.7,7,0,2.317,0,"013CAMPBELLCLIM50535VUE-500004413",0,6.212,6.335,-2.406,-42.74,-42.74,7.332,7.337,0.381,0.487
"2025-09-03 07:00:00",115,0,0,0,0,0.275,53.6,0.805,7.75,9.75,1019.631,0.002,0.237,92,7.8,0.033,2.367,0,"013CAMPBELLCLIM50535VUE-500004413",0,7.647,7.293,-2.815,-16.16,-16.16,7.332,7.33,0.381,0.487
"2025-09-03 08:00:00",116,9.33,0,0,0,0.323,157.2,0.807,8.05,9.816667,1019.914,0.007,0.953,90.5,8.3,0.067,2.3,0.0336,"013CAMPBELLCLIM50535VUE-500004413",0,8.29,7.867,-3.228,-0.1,-0.1,7.704,7.707,0.38,0.487
"2025-09-03 09:00:00",117,39.5,0,0,0,0.475,181.3,1.105,8.55,9.933333,1020.481,0.024,1.66,87.6,9.2,0.05,2.317,0.1422,"013CAMPBELLCLIM50535VUE-500004413",0,9.46,8.8,-3.465,32.86,32.86,8.36,8.36,0.38,0.487
"2025-09-03 10:00:00",118,110.2,0,0,0,0.498,271.1,1.217,9.3,10.21667,1020.814,0.064,2.234,86.4,11,0.083,2.15,0.3966,"013CAMPBELLCLIM50535VUE-500004413",0,11.51,10.28,-3.533,115.7,115.7,9.52,9.52,0.38,0.487
"2025-09-03 11:00:00",119,196.5,0,0,0,0.84,299.8,2.112,10.38,10.61667,1020.848,0.113,2.617,82.8,12.7,0.1,2.3,0.7074,"013CAMPBELLCLIM50535VUE-500004413",0,15.99,11.8,-3.399,190.4,190.4,11.37,11.37,0.38,0.487
"2025-09-03 12:00:00",120,347.7,0,0,0,0.947,196.4,2.272,11.27,10.73333,1020.614,0.188,2.778,78.5,14.5,0.083,2.15,1.2516,"013CAMPBELLCLIM50535VUE-500004413",0,19.4,13.24,-2.975,305.1,305.1,13.02,13.02,0.38,0.487
"2025-09-03 13:00:00",121,516.3,0,0,0,0.937,154.1,2.225,13.2,11,1020.181,0.281,2.701,67.9,17,0.133,2.283,1.8588,"013CAMPBELLCLIM50535VUE-500004413",0,27.24,16.88,-2.236,497.4,497.4,15.72,15.72,0.379,0.486
"2025-09-03 14:00:00",122,544.7,0,0,0,0.978,326.5,2.363,15.22,10.96667,1019.581,0.307,2.398,61.9,19.1,0.167,2.233,1.9608,"013CAMPBELLCLIM50535VUE-500004413",0,30.98,19.01,-1.087,539.9,539.9,18.37,18.37,0.379,0.486
"2025-09-03 15:00:00",123,505.7,0,0,0,1.05,325.4,2.332,16.45,10.78333,1019.031,0.283,1.892,55.3,19.9,0.15,2.217,1.8204,"013CAMPBELLCLIM50535VUE-500004413",0,31.35,20.06,0.598,437,437,20.4,20.4,0.379,0.486
"2025-09-03 16:00:00",124,381.2,0,0,0,0.935,348,2.188,17.33,10.83333,1018.948,0.207,1.227,54,20.5,0.133,2.2,1.3722,"013CAMPBELLCLIM50535VUE-500004413",0,28.85,20.4,2.595,280.1,280.1,21.42,21.42,0.379,0.486
"2025-09-03 17:00:00",125,254.5,0,0,0,0.92,170.1,2.453,17.88,10.25,1019.231,0.13,0.494,48.2,20,0.117,2.167,0.9162,"013CAMPBELLCLIM50535VUE-500004413",0,24.05,20.11,4.446,118.7,118.7,21.48,21.48,0.379,0.486
"2025-09-03 18:00:00",126,101.5,0,0,0,0.733,161.6,1.725,17.25,9.683333,1019.714,0.024,0,51.6,17.6,0.15,2.2,0.3654,"013CAMPBELLCLIM50535VUE-500004413",0,16.38,18.09,5.709,-41.97,-41.97,20.24,20.24,0.379,0.486
"2025-09-03 19:00:00",127,5.333,0,0,0,0.495,143,1.265,14.38,9.45,1020.031,-0.015,0,66.6,13,0.05,2.283,0.0192,"013CAMPBELLCLIM50535VUE-500004413",0,9.35,13.59,6.037,-95.4,-95.4,16.65,16.65,0.379,0.486
"2025-09-03 20:00:00",128,0,0,0,0,0.193,152.5,0.435,10.07,9.65,1020.048,-0.025,0,84.4,8.8,0.1,2.267,0,"013CAMPBELLCLIM50535VUE-500004413",0,5.624,8.63,5.468,-90.1,-90.1,12.38,12.38,0.379,0.486
"2025-09-03 21:00:00",129,0,0,0,0,0.215,110.6,0.405,8.03,9.383333,1019.898,-0.023,0,88.2,7.1,0.017,2.35,0,"013CAMPBELLCLIM50535VUE-500004413",0,4.444,6.278,4.291,-85.4,-85.4,9.1,9.09,0.379,0.486
"2025-09-03 22:00:00",130,0,0,0,0,0.233,180.6,0.508,7.083,9.1,1019.648,-0.023,0,91.6,6.2,0.017,2.2,0,"013CAMPBELLCLIM50535VUE-500004413",0,3.724,5.585,2.823,-82.2,-82.2,7.057,7.056,0.378,0.486
"2025-09-03 23:00:00",131,0,0,0,0,0.232,201,0.57,6.15,8.716667,1019.331,-0.022,0,93.6,5.2,-0.05,2.283,0,"013CAMPBELLCLIM50535VUE-500004413",0,2.846,4.745,1.345,-82,-82,5.65,5.648,0.378,0.486
"2025-09-04 00:00:00",132,0,0,0,0,0.147,201.8,0.285,5.083,8.333333,1018.998,-0.023,0,95.4,4.2,0.05,2.317,0,"013CAMPBELLCLIM50535VUE-500004413",0,2.082,3.632,-0.037,-80.2,-80.2,4.432,4.429,0.377,0.486
"2025-09-04 01:00:00",133,0,0,0,0,0.197,275.1,0.543,4.467,8.05,1018.631,-0.022,0,92.1,3.6,-0.067,2.35,0,"013CAMPBELLCLIM50535VUE-500004413",0,1.681,3.079,-1.302,-76.99,-76.99,3.451,3.454,0.377,0.486
"2025-09-04 02:00:00",134,0,0,0,0,0.23,181.5,0.522,4.533,8.116667,1018.031,-0.021,0,98.4,3.6,0,2.25,0,"013CAMPBELLCLIM50535VUE-500004413",0,1.336,3.419,-2.451,-77.47,-77.47,3.006,3.004,0.376,0.486
"2025-09-04 03:00:00",135,0,0,0,0,0.215,118.2,0.41,3.667,7.733333,1017.281,-0.021,0,97,3,0,2.267,0,"013CAMPBELLCLIM50535VUE-500004413",0,0.849,2.63,-3.475,-78.54,-78.54,2.412,2.41,0.376,0.485
"2025-09-04 04:00:00",136,0,0,0,0,0.208,66.7,0.405,3.4,7.55,1016.831,-0.021,0,97.7,2.8,-0.083,2.333,0,"013CAMPBELLCLIM50535VUE-500004413",0,0.495,2.27,-4.381,-77.6,-77.6,1.963,1.966,0.375,0.485
"2025-09-04 05:00:00",137,0,0.034,0,0,0.202,183.1,0.392,3.067,7.4,1016.698,-0.021,0,97.1,2.4,-0.017,2.367,0,"013CAMPBELLCLIM50535VUE-500004413",0,0.228,2.034,-5.204,-76.81,-76.81,1.598,1.599,0.375,0.485
"2025-09-04 06:00:00",138,0,0,0,0,0.195,249.6,0.477,2.583,7.15,1016.648,-0.021,0,97.6,1.7,-0.083,2.383,0,"013CAMPBELLCLIM50535VUE-500004413",0,-0.466,1.357,-5.952,-76.67,-76.67,1.079,1.083,0.374,0.485
"2025-09-04 07:00:00",139,0.333,0.034,0,0,0.423,228.2,0.847,3.3,7.35,1016.664,0.002,0.255,99.5,2.7,-0.017,2.25,0.0012,"013CAMPBELLCLIM50535VUE-500004413",0,0.157,2.49,-6.628,-75.73,-75.73,1.038,1.039,0.374,0.485
"2025-09-04 08:00:00",140,22.5,0.017,0,0,0.232,356,0.552,2.933,7.3,1016.748,0.011,0.988,94.7,2.9,-0.117,2.317,0.081,"013CAMPBELLCLIM50535VUE-500004413",0,0.921,2.026,-7.244,-50.24,-50.24,1.025,1.025,0.374,0.485
"2025-09-04 09:00:00",141,162.5,0,0,0,0.68,288.7,1.48,5.9,9.166667,1017.031,0.073,1.688,100,8,-0.033,2.283,0.585,"013CAMPBELLCLIM50535VUE-500004413",0,6.212,5.338,-7.767,140.3,140.3,3.018,3.021,0.373,0.486
"2025-09-04 10:00:00",142,310.5,0,0,0,0.8,305,1.69,9.4,10.55,1017.331,0.152,2.252,80.1,13.1,0.033,2.283,1.1178,"013CAMPBELLCLIM50535VUE-500004413",0,14.9,10.41,-8.1,322.2,322.2,7.4,7.4,0.373,0.486
"2025-09-04 11:00:00",143,450.8,0,0,0,0.808,342.7,1.795,13.22,10.91667,1017.148,0.25,2.634,65.6,17.6,0.15,2.3,1.623,"013CAMPBELLCLIM50535VUE-500004413",0,22.87,15.88,-8.05,469.4,469.4,12.88,12.87,0.373,0.486
"2025-09-04 12:00:00",144,551.5,0,0,0,0.845,94.6,1.925,16.38,10.91667,1016.714,0.33,2.795,54.4,20.4,0.1,2.267,1.9854,"013CAMPBELLCLIM50535VUE-500004413",0,29.2,19.79,-7.401,547.6,547.6,17.57,17.57,0.372,0.486
"2025-09-04 13:00:00",145,598.3,0,0,0,0.848,37.1,1.955,18.98,10.91667,1016.131,0.376,2.721,45.6,23.1,0.25,2.233,2.154,"013CAMPBELLCLIM50535VUE-500004413",0,34.37,23.25,-5.953,573.2,573.2,21.37,21.36,0.372,0.486
"2025-09-04 14:00:00",146,579.2,0,0,0,0.852,63.4,2.182,21.08,10.1,1015.548,0.375,2.425,37.4,24.6,0.283,2.2,2.085,"013CAMPBELLCLIM50535VUE-500004413",0,36.94,25.68,-3.701,520,520,24.26,24.26,0.372,0.486
"2025-09-04 15:00:00",147,512.5,0,0,0,0.99,161,2.36,22.17,9.616667,1015.131,0.331,1.917,34.5,25.2,0.267,2.15,1.845,"013CAMPBELLCLIM50535VUE-500004413",0,36.17,26.09,-0.929,422.6,422.6,26.05,26.04,0.373,0.486
"2025-09-04 16:00:00",148,408,0,0,0,1.107,209.8,2.567,22.28,9.233334,1014.914,0.26,1.25,35.1,24.8,0.233,2.117,1.4688,"013CAMPBELLCLIM50535VUE-500004413",0,32.49,25.17,1.888,291.2,291.2,26.6,26.6,0.373,0.486
"2025-09-04 17:00:00",149,264.8,0,0,0,1.188,152,3.025,21.93,9.633334,1015.031,0.163,0.506,37.9,23.6,0.25,2.2,0.9534,"013CAMPBELLCLIM50535VUE-500004413",0,26.89,23.86,4.248,120,120,26.02,26.02,0.373,0.486
"2025-09-04 18:00:00",150,102.7,0,0,0,0.995,125.2,2.798,20.23,9.4,1015.464,0.039,0,42.3,20.3,0.233,2.3,0.3696,"013CAMPBELLCLIM50535VUE-500004413",0,18.04,20.8,5.789,-41.01,-41.01,23.8,23.8,0.373,0.486
"2025-09-04 19:00:00",151,6,0,0,0,0.457,167.1,1.513,16.83,9.433333,1015.964,-0.015,0,54.7,15.3,0.2,2.317,0.0216,"013CAMPBELLCLIM50535VUE-500004413",0,10.79,15.77,6.303,-96.5,-96.5,19.44,19.44,0.373,0.485
"2025-09-04 20:00:00",152,0,0,0,0,0.34,80.1,0.802,13.7,9.95,1016.198,-0.022,0,70,12.6,0.117,2.217,0,"013CAMPBELLCLIM50535VUE-500004413",0,8.15,12.15,5.836,-86.3,-86.3,15.23,15.23,0.373,0.485
"2025-09-04 21:00:00",153,0,0,0,0,0.255,107.9,0.635,11.8,10.58333,1016.214,-0.024,0,79.6,10.9,0.083,2.267,0,"013CAMPBELLCLIM50535VUE-500004413",0,6.837,9.95,4.726,-83.3,-83.3,12.26,12.26,0.373,0.485
"2025-09-04 22:00:00",154,0,0,0,0,0.318,134.6,0.59,10.25,10.48333,1016.298,-0.022,0,85.2,9.4,0.05,2.267,0,"013CAMPBELLCLIM50535VUE-500004413",0,6.153,8.85,3.373,-79.82,-79.82,10.16,10.16,0.373,0.485
"2025-09-04 23:00:00",155,0,0,0,0,0.248,66.6,0.485,9.02,10.15,1016.198,-0.023,0,91.5,8,0,2.367,0,"013CAMPBELLCLIM50535VUE-500004413",0,4.911,7.669,2.025,-77.2,-77.2,8.56,8.56,0.373,0.485
"2025-09-05 00:00:00",156,0,0,0,0,0.223,263.7,0.535,7.583,9.766666,1016.081,-0.023,0,93.6,6.7,0,2.283,0,"013CAMPBELLCLIM50535VUE-500004413",0,4.268,6.341,0.771,-74.59,-74.59,7.11,7.11,0.372,0.485
"2025-09-05 01:00:00",157,0,0,0,0,0.24,314.7,0.53,6.817,9.5,1015.998,-0.023,0,97.3,6,0.017,2.383,0,"013CAMPBELLCLIM50535VUE-500004413",0,3.651,5.752,-0.39,-76.14,-76.14,6.099,6.095,0.372,0.485
"2025-09-05 02:00:00",158,0,0,0,0,0.172,21.2,0.355,6.033,9.066667,1015.814,-0.023,0,96.9,5.2,-0.017,2.333,0,"013CAMPBELLCLIM50535VUE-500004413",0,3.052,4.826,-1.455,-73.1,-73.1,5.15,5.15,0.372,0.485
"2025-09-05 03:00:00",159,0,0,0,0,0.197,183.1,0.392,5.517,8.816667,1015.398,-0.022,0,97.8,4.9,-0.067,2.35,0,"013CAMPBELLCLIM50535VUE-500004413",0,2.724,4.402,-2.424,-71.61,-71.61,4.495,4.495,0.371,0.485
"2025-09-05 04:00:00",160,0,0,0,0,0.322,269.3,0.775,5.517,8.716666,1015.114,-0.021,0,91.2,4.9,0.017,2.3,0,"013CAMPBELLCLIM50535VUE-500004413",0,3.024,4.626,-3.31,-73.9,-73.9,4.081,4.083,0.371,0.485
"2025-09-05 05:00:00",161,0,0.017,0,0,0.333,144,0.765,5.883,9.033333,1015.364,-0.021,0,99.2,4.7,0,2.333,0,"013CAMPBELLCLIM50535VUE-500004413",0,2.351,4.978,-4.107,-75,-75,4.251,4.25,0.37,0.485
"2025-09-05 06:00:00",162,0,0.017,0,0,0.24,143.4,0.48,4.35,8.183333,1015.731,-0.021,0,98.4,3.7,0.033,2.3,0,"013CAMPBELLCLIM50535VUE-500004413",0,1.389,3.368,-4.794,-72.89,-72.89,3.36,3.36,0.37,0.485
"2025-09-05 07:00:00",163,0.333,0.017,0,0,0.435,252.8,0.97,4.8,8.116667,1015.948,0.002,0.269,94.1,4.6,-0.033,2.383,0.0012,"013CAMPBELLCLIM50535VUE-500004413",0,2.2,3.909,-5.419,-73.02,-73.02,2.933,2.931,0.37,0.485
"2025-09-05 08:00:00",164,23.5,0.017,0,0,0.365,229.8,0.722,5.533,8.85,1016.548,0.012,0.999,97.5,5.1,-0.083,2.333,0.0846,"013CAMPBELLCLIM50535VUE-500004413",0,3.573,4.918,-6.018,-45.31,-45.31,3.595,3.598,0.369,0.485
"2025-09-05 09:00:00",165,158.3,0.017,0,0,0.613,302.1,1.347,7.467,10.21667,1017.114,0.075,1.7,100,9.5,0.05,2.25,0.57,"013CAMPBELLCLIM50535VUE-500004413",0,8.04,6.906,-6.5,132.9,132.9,5.116,5.117,0.369,0.485
"2025-09-05 10:00:00",166,296.3,0,0,0,0.632,94.5,1.513,10.73,11.53333,1017.498,0.153,2.263,82,14.4,0.05,2.367,1.0668,"013CAMPBELLCLIM50535VUE-500004413",0,16.08,11.85,-6.75,297.6,297.6,9.1,9.1,0.369,0.485
"2025-09-05 11:00:00",167,438.7,0,0,0,0.77,123.7,1.955,13.85,11.66667,1017.531,0.247,2.646,66.8,18.1,0.2,2.333,1.5792,"013CAMPBELLCLIM50535VUE-500004413",0,23.77,16.96,-6.64,450,450,14.1,14.09,0.369,0.485
"2025-09-05 12:00:00",168,540,0,0,0,0.752,189,1.832,16.9,12.03333,1017.198,0.327,2.803,57.8,21.3,0.133,2.25,1.944,"013CAMPBELLCLIM50535VUE-500004413",0,30.21,20.49,-5.992,538,538,18.55,18.55,0.368,0.485
"2025-09-05 13:00:00",169,592.3,0,0,0,0.813,83.7,2.278,19.47,11.66667,1016.598,0.376,2.731,46.1,23.5,0.317,2.267,2.1324,"013CAMPBELLCLIM50535VUE-500004413",0,34.57,23.74,-4.616,559.8,559.8,22.16,22.15,0.368,0.485
"2025-09-05 14:00:00",170,576.5,0,0,0,0.888,176.2,2.36,21.73,10.93333,1015.931,0.379,2.431,40.3,25.2,0.267,2.217,2.0754,"013CAMPBELLCLIM50535VUE-500004413",0,36.91,25.94,-2.442,518.1,518.1,24.98,24.98,0.368,0.485
"2025-09-05 15:00:00",171,511.3,0,0,0,1.045,165.6,3.005,22.73,10.53333,1015.314,0.335,1.923,39,25.6,0.35,2.233,1.8408,"013CAMPBELLCLIM50535VUE-500004413",0,36.21,26.43,0.236,424.8,424.8,26.7,26.7,0.369,0.485
"2025-09-05 16:00:00",172,407.7,0,0,0,1.188,158.6,3.113,22.5,10.96667,1014.931,0.262,1.251,41.5,25,0.3,2.183,1.4676,"013CAMPBELLCLIM50535VUE-500004413",0,33.07,25.3,2.942,297.5,297.5,27.05,27.05,0.369,0.485
"2025-09-05 17:00:00",173,266.7,0,0,0,1.233,164.5,3.193,21.82,11.71667,1014.814,0.163,0.51,45.8,23.6,0.2,2.133,0.96,"013CAMPBELLCLIM50535VUE-500004413",0,27.05,23.61,5.197,128,128,26.32,26.32,0.369,0.485
"2025-09-05 18:00:00",174,109.7,0,0,0,1.055,148.5,2.478,20.23,12.05,1014.948,0.038,0,56,20.4,0.167,2.233,0.3948,"013CAMPBELLCLIM50535VUE-500004413",0,19.51,21.03,6.668,-28.36,-28.36,24.08,24.08,0.37,0.485
"2025-09-05 19:00:00",175,7.5,0,0,0,0.582,51.5,1.62,17.08,12.38333,1015.331,-0.012,0,69.7,15.8,0.217,2.25,0.027,"013CAMPBELLCLIM50535VUE-500004413",0,11.78,16.32,7.145,-93.9,-93.9,19.96,19.96,0.37,0.485
"2025-09-05 20:00:00",176,0,0,0,0,0.3,129.2,0.81,14.05,12.16667,1015.614,-0.023,0,78.8,12.9,0.067,2.3,0,"013CAMPBELLCLIM50535VUE-500004413",0,8.86,12.38,6.724,-88.3,-88.3,15.74,15.74,0.37,0.485
"2025-09-05 21:00:00",177,0,0,0,0,0.43,117.4,1.465,13.2,12.18333,1015.698,-0.021,0,82.7,12.2,0.067,2.35,0,"013CAMPBELLCLIM50535VUE-500004413",0,8.17,11.74,5.661,-86.7,-86.7,13.11,13.11,0.369,0.485
"2025-09-05 22:00:00",178,0,0,0,0,0.273,90.5,0.718,11.52,11.81667,1015.748,-0.024,0,91.3,10.3,0.083,2.25,0,"013CAMPBELLCLIM50535VUE-500004413",0,6.936,10.25,4.324,-82.5,-82.5,11.29,11.29,0.369,0.485
"2025-09-05 23:00:00",179,0,0,0,0,0.242,110,0.557,9.75,11.16667,1015.798,-0.024,0,94.1,8.7,-0.017,2.283,0,"013CAMPBELLCLIM50535VUE-500004413",0,5.805,8.37,2.983,-79.09,-79.09,9.47,9.47,0.369,0.485
"2025-09-06 00:00:00",180,0,0,0,0,0.187,74.3,0.367,8.25,10.46667,1015.698,-0.024,0,96.7,7.4,0.1,2.283,0,"013CAMPBELLCLIM50535VUE-500004413",0,4.756,7.011,1.704,-76.55,-76.55,7.919,7.918,0.369,0.485
"2025-09-06 01:00:00",181,0,0,0,0,0.21,92.6,0.47,7.567,10.08333,1015.531,-0.023,0,97.6,6.9,0,2.3,0,"013CAMPBELLCLIM50535VUE-500004413",0,4.436,6.443,0.485,-72.5,-72.5,6.817,6.817,0.368,0.485
"2025-09-06 02:00:00",182,0,0,0,0,0.165,266.8,0.35,6.917,9.733334,1015.314,-0.023,0,97.5,6.2,0,2.333,0,"013CAMPBELLCLIM50535VUE-500004413",0,3.814,5.769,-0.639,-72.5,-72.5,6.003,5.999,0.368,0.485
"2025-09-06 03:00:00",183,0,0.017,0,0,0.192,148.7,0.4,6.25,9.316667,1014.964,-0.023,0,98,5.7,-0.017,2.317,0,"013CAMPBELLCLIM50535VUE-500004413",0,3.406,5.215,-1.651,-72.84,-72.84,5.276,5.276,0.368,0.484
"2025-09-06 04:00:00",184,0,0.017,0,0,0.397,107,1.085,6.633,9.483334,1015.014,-0.021,0,98.7,6.5,0.05,2.333,0,"013CAMPBELLCLIM50535VUE-500004413",0,5.56,6.033,-2.57,-47.59,-47.59,5.234,5.235,0.367,0.484
"2025-09-06 05:00:00",185,0,0.017,0,0,0.463,167.9,1.158,7.25,10.13333,1015.298,-0.021,0,100,7.3,-0.033,2.267,0,"013CAMPBELLCLIM50535VUE-500004413",0,7.958,7.116,-3.368,-9.83,-9.83,6.348,6.348,0.367,0.484
"2025-09-06 06:00:00",186,0,0,0,0,0.627,170.3,1.748,7.483,10.33333,1015.948,-0.02,0,100,7.6,0.083,2.3,0,"013CAMPBELLCLIM50535VUE-500004413",0,8.19,7.36,-3.86,-10.24,-10.24,7.038,7.039,0.367,0.484
"2025-09-06 07:00:00",187,0,0.034,0,0,0.343,179.2,1.105,7.65,10.46667,1016.581,0.001,0.282,100,7.8,0.05,2.3,0,"013CAMPBELLCLIM50535VUE-500004413",0,8.34,7.552,-4.035,-10.29,-10.29,7.452,7.451,0.366,0.484
"2025-09-06 08:00:00",188,7.333,0.017,0,0,0.253,156,0.655,7.75,10.53333,1017.248,0.004,1.01,100,8,-0.033,2.25,0.0264,"013CAMPBELLCLIM50535VUE-500004413",0,8.77,7.712,-4.058,-1.092,-1.092,7.746,7.747,0.366,0.484
"2025-09-06 09:00:00",189,26.5,0.017,0,0,0.435,168.3,1.26,7.783,10.58333,1017.681,0.014,1.719,100,8.2,0.033,2.25,0.0954,"013CAMPBELLCLIM50535VUE-500004413",0,9.41,7.893,-4.017,19.92,19.92,8.06,8.06,0.366,0.484
"2025-09-06 10:00:00",190,48.83,0.017,0,0,0.35,322.8,0.958,7.8,10.68333,1018.014,0.026,2.295,100,8.7,0.067,2.333,0.1758,"013CAMPBELLCLIM50535VUE-500004413",0,10.37,8.31,-3.915,39.73,39.73,8.46,8.45,0.366,0.485
"2025-09-06 11:00:00",191,76.67,0,0,0,0.593,174.2,1.57,8.35,10.95,1018.114,0.04,2.675,100,9.3,0.067,2.267,0.276,"013CAMPBELLCLIM50535VUE-500004413",0,11.31,8.74,-3.739,70.37,70.37,8.97,8.97,0.366,0.485
"2025-09-06 12:00:00",192,107.5,0,0,0,0.632,194.7,1.708,9.1,11.5,1018.198,0.058,2.829,98.2,10.3,0,2.233,0.387,"013CAMPBELLCLIM50535VUE-500004413",0,12.69,9.82,-3.462,84.9,84.9,9.77,9.78,0.372,0.485
"2025-09-06 13:00:00",193,136.3,0,0,0,0.728,199.2,1.878,9.78,11.66667,1018.214,0.075,2.75,93.7,11.4,0.017,2.35,0.4908,"013CAMPBELLCLIM50535VUE-500004413",0,14.55,11.09,-3.124,117.4,117.4,11.01,11.01,0.406,0.488
"2025-09-06 14:00:00",194,157.8,0,0,0,0.932,173.5,2.313,10.62,11.68333,1018.031,0.09,2.44,90,12.3,-0.017,2.217,0.5682,"013CAMPBELLCLIM50535VUE-500004413",0,15.69,11.76,-2.501,134.2,134.2,12.14,12.14,0.404,0.489
"2025-09-06 15:00:00",195,153,0,0,0,0.93,303.3,2.24,11.18,11.66667,1017.831,0.088,1.927,86.5,12.8,0.15,2.35,0.5508,"013CAMPBELLCLIM50535VUE-500004413",0,16.42,12.25,-1.678,130.7,130.7,13.02,13.02,0.397,0.487
"2025-09-06 16:00:00",196,114.2,0,0,0,0.85,265.9,2.175,11.37,11.5,1017.781,0.066,1.26,85.1,12.6,0.133,2.283,0.411,"013CAMPBELLCLIM50535VUE-500004413",0,15.26,12.24,-0.905,86.4,86.4,13.29,13.29,0.394,0.487
"2025-09-06 17:00:00",197,64,0,0,0,0.762,244.5,1.72,11.2,11.26667,1017.681,0.03,0.521,84.7,11.9,0.167,2.367,0.2304,"013CAMPBELLCLIM50535VUE-500004413",0,13.56,11.64,-0.282,36.82,36.82,13.01,13.01,0.392,0.487
"2025-09-06 18:00:00",198,20.83,0,0,0,0.655,301.5,1.87,10.75,11.05,1017.764,0.01,0,86,11,0.117,2.3,0.075,"013CAMPBELLCLIM50535VUE-500004413",0,11.67,10.84,0.124,-2.786,-2.786,12.26,12.27,0.39,0.487
"2025-09-06 19:00:00",199,1.667,0,0,0,0.54,316,1.505,10.53,10.98333,1017.881,0.004,0,86.3,10.6,0.033,2.283,0.006,"013CAMPBELLCLIM50535VUE-500004413",0,10.81,10.35,0.258,-17.47,-17.47,11.5,11.5,0.389,0.487
"2025-09-06 20:00:00",200,0,0,0,0,0.453,327.8,1.273,10.38,11,1017.631,0.002,0,87.7,10.4,0.067,2.267,0,"013CAMPBELLCLIM50535VUE-500004413",0,10.5,10.21,0.145,-16.88,-16.88,11.01,11.02,0.388,0.487
"2025-09-06 21:00:00",201,0,0,0,0,0.657,298.7,1.583,10.22,11.05,1017.414,0.003,0,90.3,10.2,-0.067,2.267,0,"013CAMPBELLCLIM50535VUE-500004413",0,10.27,10.03,-0.115,-15.52,-15.52,10.68,10.68,0.387,0.486
"2025-09-06 22:00:00",202,0,0,0,0,0.532,33.4,1.23,10.02,11.16667,1017.231,0.002,0,91.1,10.1,0.033,2.367,0,"013CAMPBELLCLIM50535VUE-500004413",0,10.14,9.86,-0.419,-14.92,-14.92,10.41,10.42,0.386,0.486
"2025-09-06 23:00:00",203,0,0,0,0,0.323,313.1,0.797,10,11.08333,1017.164,0.001,0,89.2,10.1,0.033,2.267,0,"013CAMPBELLCLIM50535VUE-500004413",0,10.1,9.8,-0.724,-14.62,-14.62,10.25,10.25,0.385,0.486
"2025-09-07 00:00:00",204,0,0,0,0,0.388,342.3,1.217,9.98,10.91667,1017.114,0.001,0,89.2,10,0.083,2.35,0,"013CAMPBELLCLIM50535VUE-500004413",0,9.96,9.79,-1.003,-14.6,-14.6,10.15,10.15,0.384,0.486
"2025-09-07 01:00:00",205,0,0,0,0,0.303,41,0.965,9.8,10.83333,1016.898,0.001,0,89.7,9.8,-0.017,2.283,0,"013CAMPBELLCLIM50535VUE-500004413",0,9.81,9.58,-1.25,-14.86,-14.86,10.02,10.01,0.384,0.486
"2025-09-07 02:00:00",206,0,0,0,0,0.268,201.6,0.845,9.8,10.83333,1016.764,0.001,0,88.7,9.9,0,2.367,0,"013CAMPBELLCLIM50535VUE-500004413",0,9.81,9.52,-1.465,-14.37,-14.37,9.9,9.9,0.383,0.486
"2025-09-07 03:00:00",207,0,0,0,0,0.55,171.4,1.36,9.78,10.86667,1016.498,0.002,0,90.1,9.8,0.083,2.35,0,"013CAMPBELLCLIM50535VUE-500004413",0,9.7,9.62,-1.669,-13.7,-13.7,9.87,9.87,0.383,0.486
"2025-09-07 04:00:00",208,0,0,0,0,0.525,278.1,1.413,9.33,10.68333,1016.381,0.002,0,91.2,9.3,0,2.3,0,"013CAMPBELLCLIM50535VUE-500004413",0,9.36,9.2,-1.845,-13.64,-13.64,9.71,9.71,0.382,0.486
"2025-09-07 05:00:00",209,0,0,0,0,0.327,148.1,0.872,9.07,10.58333,1016.548,0.001,0,91.9,9.1,0.133,2.383,0,"013CAMPBELLCLIM50535VUE-500004413",0,9.22,8.89,-2.011,-15.7,-15.7,9.45,9.45,0.382,0.486
"2025-09-07 06:00:00",210,0,0,0,0,0.575,155.4,1.467,8.8,10.43333,1017.114,0.001,0,92.4,8.8,-0.067,2.367,0,"013CAMPBELLCLIM50535VUE-500004413",0,8.92,8.67,-2.177,-16.03,-16.03,9.22,9.22,0.381,0.486
"2025-09-07 07:00:00",211,0,0,0,0,0.613,155.6,1.718,8.4,10.25,1017.814,0.003,0.298,93.9,8.4,0.083,2.333,0,"013CAMPBELLCLIM50535VUE-500004413",0,8.56,8.26,-2.336,-19.79,-19.79,8.92,8.92,0.381,0.486
"2025-09-07 08:00:00",212,4.333,0.017,0,0,0.458,117.5,1.158,7.717,10.11667,1018.631,0.004,1.033,97.8,7.8,0.067,2.3,0.0156,"013CAMPBELLCLIM50535VUE-500004413",0,8.3,7.546,-2.499,-15.11,-15.11,8.42,8.42,0.38,0.486
"2025-09-07 09:00:00",213,22.17,0.017,0,0,0.613,139.2,1.737,7.7,10.28333,1019.231,0.013,1.744,97.1,8,0.117,2.317,0.07979999,"013CAMPBELLCLIM50535VUE-500004413",0,8.8,7.631,-2.664,-1.652,-1.652,8.19,8.19,0.38,0.486
"2025-09-07 10:00:00",214,44,0,0,0,0.71,146,2.303,7.85,10.25,1019.764,0.024,2.32,95.4,8.4,-0.033,2.333,0.1584,"013CAMPBELLCLIM50535VUE-500004413",0,9.36,8.01,-2.799,11.95,11.95,8.34,8.34,0.38,0.486
"2025-09-07 11:00:00",215,61.5,0,0,0,1.023,157.4,2.627,8.12,10.15,1020.164,0.034,2.706,93.2,8.8,-0.017,2.233,0.2214,"013CAMPBELLCLIM50535VUE-500004413",0,9.96,8.34,-2.865,45.49,45.49,8.65,8.65,0.379,0.486
"2025-09-07 12:00:00",216,125,0,0,0,1.053,163.7,2.41,8.73,10.15,1020.331,0.069,2.865,88.6,10.1,0.05,2.283,0.45,"013CAMPBELLCLIM50535VUE-500004413",0,12.51,9.4,-2.864,127.1,127.1,9.43,9.43,0.379,0.486
"2025-09-07 13:00:00",217,181,0,0,0,1.163,154.6,2.872,9.62,10.28333,1020.198,0.102,2.784,84.8,11.3,-0.05,2.333,0.6516,"013CAMPBELLCLIM50535VUE-500004413",0,15,10.73,-2.801,162,162,10.89,10.89,0.379,0.486
"2025-09-07 14:00:00",218,217.8,0,0,0,1.11,160.2,2.912,10.35,10.38333,1019.931,0.122,2.471,80.4,12.6,0,2.283,0.7842,"013CAMPBELLCLIM50535VUE-500004413",0,17.19,11.69,-2.564,197.3,197.3,12.11,12.11,0.379,0.486
"2025-09-07 15:00:00",219,150.8,0,0,0,1.205,158.7,2.955,10.95,10.15,1019.498,0.094,1.956,76.4,12.3,0.083,2.283,0.543,"013CAMPBELLCLIM50535VUE-500004413",0,15.95,11.96,-2.126,118.8,118.8,13.01,13,0.378,0.486
"2025-09-07 16:00:00",220,112.7,0,0,0,1.105,144.8,2.768,10.9,9.783334,1019.431,0.073,1.284,74.1,12.1,0.15,2.283,0.4056,"013CAMPBELLCLIM50535VUE-500004413",0,14.69,11.49,-1.542,83.9,83.9,12.81,12.81,0.378,0.486
"2025-09-07 17:00:00",221,69,0,0,0,0.983,169.9,2.54,11,9.633333,1019.548,0.039,0.535,72.6,11.6,0.15,2.35,0.2484,"013CAMPBELLCLIM50535VUE-500004413",0,13.27,11.35,-1.053,38.38,38.38,12.58,12.58,0.378,0.486
"2025-09-07 18:00:00",222,28.83,0,0,0,0.72,161.3,1.957,10.8,9.566667,1019.798,0.017,0,74.6,11.1,0.1,2.3,0.1038,"013CAMPBELLCLIM50535VUE-500004413",0,11.56,10.9,-0.76,-0.849,-0.849,11.98,11.99,0.378,0.486
"2025-09-07 19:00:00",223,4.667,0,0,0,0.347,148.7,0.947,10.52,9.666667,1019.998,0.005,0,75.4,10.4,0.133,2.367,0.0168,"013CAMPBELLCLIM50535VUE-500004413",0,10.26,10.31,-0.674,-23.65,-23.65,11.27,11.28,0.377,0.486
"2025-09-07 20:00:00",224,0,0,0,0,0.577,134.3,1.41,10.33,9.1,1020.298,0.008,0,71.6,10.2,0.017,2.3,0,"013CAMPBELLCLIM50535VUE-500004413",0,9.7,10.04,-0.772,-24.3,-24.3,10.66,10.65,0.377,0.486
"2025-09-07 21:00:00",225,0,0,0,0,0.363,42.4,0.982,10.1,9,1020.798,0.005,0,74.3,10,0.083,2.367,0,"013CAMPBELLCLIM50535VUE-500004413",0,9.31,9.76,-1.015,-23.39,-23.39,10.22,10.22,0.377,0.486
"2025-09-07 22:00:00",226,0,0,0,0,0.273,315.4,0.688,9.82,9.216667,1021.248,0.003,0,77.2,9.7,0,2.35,0,"013CAMPBELLCLIM50535VUE-500004413",0,9.17,9.47,-1.332,-21.96,-21.96,9.87,9.86,0.377,0.486
"2025-09-07 23:00:00",227,0,0,0,0,0.203,350.6,0.423,9.28,9.466666,1021.514,0.002,0,85,9.1,0.083,2.25,0,"013CAMPBELLCLIM50535VUE-500004413",0,8.26,8.9,-1.652,-30.13,-30.13,9.47,9.48,0.376,0.486
"2025-09-08 00:00:00",228,0,0,0,0,0.153,1,0.35,8.73,9.599999,1022.131,0.001,0,86,8.8,0.15,2.317,0,"013CAMPBELLCLIM50535VUE-500004413",0,8.52,8.14,-1.959,-19.67,-19.67,8.85,8.85,0.376,0.486
"2025-09-08 01:00:00",229,0,0,0,0,0.223,256.7,0.505,8.9,9.783334,1022.564,0.001,0,87.3,8.8,0.083,2.317,0,"013CAMPBELLCLIM50535VUE-500004413",0,8.52,8.49,-2.281,-22.19,-22.19,8.77,8.77,0.376,0.486
"2025-09-08 02:00:00",230,0,0,0,0,0.168,62,0.372,8.75,9.783334,1022.764,0.001,0,86.2,8.7,-0.017,2.3,0,"013CAMPBELLCLIM50535VUE-500004413",0,8.36,8.3,-2.559,-21.34,-21.34,8.61,8.61,0.375,0.485
"2025-09-08 03:00:00",231,0,0,0,0,0.197,176.7,0.482,8.62,9.666667,1022.581,0.001,0,87.1,8.4,0.1,2.35,0,"013CAMPBELLCLIM50535VUE-500004413",0,7.709,8.06,-2.788,-27.99,-27.99,8.42,8.42,0.375,0.485
"2025-09-08 04:00:00",232,0,0,0,0,0.183,242.8,0.357,8.17,9.700001,1021.981,0,0,89.9,7.9,-0.017,2.317,0,"013CAMPBELLCLIM50535VUE-500004413",0,7.083,7.555,-2.991,-34.14,-34.14,8.03,8.03,0.375,0.485
"2025-09-08 05:00:00",233,0,0,0,0,0.157,323.2,0.348,6.65,9.183333,1021.748,0,0,95.2,5.7,0.017,2.3,0,"013CAMPBELLCLIM50535VUE-500004413",0,3.811,5.679,-3.214,-62.63,-62.63,6.877,6.873,0.375,0.485
"2025-09-08 06:00:00",234,0,0,0,0,0.347,211.3,0.788,6.75,9.15,1022.231,0.001,0,94.6,6.8,0.117,2.383,0,"013CAMPBELLCLIM50535VUE-500004413",0,6.133,5.978,-3.518,-30.76,-30.76,6.047,6.045,0.374,0.485
"2025-09-08 07:00:00",235,0.667,0,0,0,0.188,304.2,0.422,6.133,9.083333,1022.748,0.001,0.316,96.6,5.1,-0.1,2.267,0.0024,"013CAMPBELLCLIM50535VUE-500004413",0,2.937,5.284,-3.964,-68.64,-68.64,5.729,5.729,0.374,0.485
"2025-09-08 08:00:00",236,30.33,0,0,0,0.597,297,1.338,5.717,8.683333,1023.131,0.017,1.062,94.7,6,0.05,2.317,0.1092,"013CAMPBELLCLIM50535VUE-500004413",0,3.834,4.908,-4.364,-43.36,-43.36,4.553,4.553,0.374,0.485
"2025-09-08 09:00:00",237,157.5,0,0,0,0.948,330.6,2.005,8.43,10.23333,1023.748,0.079,1.765,89.1,11.1,-0.067,2.35,0.567,"013CAMPBELLCLIM50535VUE-500004413",0,8.76,8.28,-4.846,147.9,147.9,6.256,6.256,0.374,0.486
"2025-09-08 10:00:00",238,318,0,0,0,0.888,233.1,1.99,11,10.63333,1024.864,0.167,2.338,76.2,15.1,0.117,2.25,1.1448,"013CAMPBELLCLIM50535VUE-500004413",0,17.22,12.27,-5.236,331.7,331.7,10.42,10.41,0.374,0.486
"2025-09-08 11:00:00",239,469.8,0,0,0,0.868,57.5,2.207,13.05,10.5,1025.014,0.26,2.722,66.3,17.5,0.1,2.25,1.6914,"013CAMPBELLCLIM50535VUE-500004413",0,24.23,15.83,-5.29,484.9,484.9,14.74,14.74,0.373,0.486
"2025-09-08 12:00:00",240,565.7,0,0,0,0.957,329.4,2.128,14.82,10.18333,1024.581,0.327,2.885,56.5,19,0.133,2.333,2.0364,"013CAMPBELLCLIM50535VUE-500004413",0,29,18.5,-4.831,576.1,576.1,18.12,18.12,0.373,0.486
"2025-09-08 13:00:00",241,609.8,0,0,0,1.128,233.4,2.473,15.92,9.633333,1023.898,0.36,2.81,49.4,19.6,0.133,2.267,2.1954,"013CAMPBELLCLIM50535VUE-500004413",0,31.56,19.5,-3.621,594.3,594.3,20.16,20.16,0.373,0.486
"2025-09-08 14:00:00",242,591.8,0,0,0,1.098,323.6,2.692,17.18,9.216667,1022.981,0.356,2.502,44.9,20.7,0.1,2.2,2.1306,"013CAMPBELLCLIM50535VUE-500004413",0,33.82,20.91,-1.627,544.9,544.9,21.69,21.69,0.373,0.486
"2025-09-08 15:00:00",243,523.3,0,0,0,0.978,224.4,2.637,18.43,9.166667,1022.314,0.312,1.98,42.1,22,0.317,2.233,1.884,"013CAMPBELLCLIM50535VUE-500004413",0,33.95,22.01,0.77,456.1,456.1,23.05,23.04,0.373,0.486
"2025-09-08 16:00:00",244,423.5,0,0,0,0.893,171.9,2.393,19.13,8.983334,1021.831,0.245,1.301,41.3,22.5,0.267,2.183,1.5246,"013CAMPBELLCLIM50535VUE-500004413",0,32.09,22.84,3.155,308.5,308.5,23.97,23.97,0.373,0.486
"2025-09-08 17:00:00",245,270.8,0,0,0,1.148,160.5,2.908,19,8.916666,1021.448,0.154,0.547,41.3,21.2,0.2,2.25,0.975,"013CAMPBELLCLIM50535VUE-500004413",0,25.44,21.2,5.227,138.9,138.9,23.59,23.59,0.373,0.486
"2025-09-08 18:00:00",246,121.8,0,0,0,0.928,154,2.238,18.13,9.383333,1021.531,0.038,0,48.2,18.8,0.2,2.3,0.4386,"013CAMPBELLCLIM50535VUE-500004413",0,18.08,18.85,6.584,-14.62,-14.62,21.85,21.85,0.374,0.486
"2025-09-08 19:00:00",247,6.333,0,0,0,0.548,94.5,1.38,15.68,9.816667,1022.164,-0.012,0,59.9,14.5,0.183,2.283,0.0228,"013CAMPBELLCLIM50535VUE-500004413",0,11.5,14.9,6.899,-97.4,-97.4,18.08,18.08,0.374,0.485
"2025-09-08 20:00:00",248,0,0,0,0,0.712,92.7,2.117,13.9,10.56667,1022.681,-0.012,0,70.4,13.4,0.1,2.267,0,"013CAMPBELLCLIM50535VUE-500004413",0,11.55,13.23,6.31,-60.54,-60.54,15.08,15.08,0.373,0.485
"2025-09-08 21:00:00",249,0,0,0,0,0.293,48.4,0.802,12.68,10.83333,1022.764,-0.023,0,76.6,11.9,0.017,2.3,0,"013CAMPBELLCLIM50535VUE-500004413",0,9.53,11.71,5.217,-64.01,-64.01,13.36,13.36,0.373,0.485
"2025-09-08 22:00:00",250,0,0,0,0,0.247,121.5,0.565,11.42,10.71667,1022.814,-0.024,0,80.5,11,0.083,2.217,0,"013CAMPBELLCLIM50535VUE-500004413",0,9.11,10.19,4.055,-53.41,-53.41,11.68,11.68,0.373,0.485
"2025-09-08 23:00:00",251,0,0,0,0,0.268,144.9,0.687,11.15,10.68333,1022.998,-0.023,0,80.7,10.7,0.033,2.35,0,"013CAMPBELLCLIM50535VUE-500004413",0,9.08,10.24,2.918,-49.44,-49.44,10.82,10.82,0.373,0.485
"2025-09-09 00:00:00",252,0,0,0,0,0.23,355.9,0.472,10.2,10.58333,1022.664,-0.024,0,86,9.7,0.083,2.367,0,"013CAMPBELLCLIM50535VUE-500004413",0,8.11,9.32,1.902,-52.23,-52.23,10.02,10.03,0.373,0.485
"2025-09-09 01:00:00",253,0,0,0,0,0.548,281.7,1.283,9.83,10.43333,1022.114,-0.019,0,85.5,9.4,0.033,2.25,0,"013CAMPBELLCLIM50535VUE-500004413",0,7.112,8.94,1.015,-68.56,-68.56,9.08,9.08,0.372,0.485
"2025-09-09 02:00:00",254,0,0,0,0,0.407,153.1,0.838,8.88,10.21667,1021.448,-0.021,0,94,7.8,0.1,2.25,0,"013CAMPBELLCLIM50535VUE-500004413",0,4.971,8.16,0.194,-79.27,-79.27,8.32,8.32,0.372,0.485
"2025-09-09 03:00:00",255,0,0,0,0,0.187,141.3,0.372,6.65,9.35,1020.481,-0.023,0,95.7,5.8,-0.017,2.283,0,"013CAMPBELLCLIM50535VUE-500004413",0,3.147,5.475,-0.614,-79.92,-79.92,6.553,6.554,0.372,0.485
"2025-09-09 04:00:00",256,0,0,0,0,0.233,240.6,0.497,5.55,8.766666,1019.364,-0.022,0,96,4.7,-0.017,2.35,0,"013CAMPBELLCLIM50535VUE-500004413",0,2.492,4.527,-1.489,-77.8,-77.8,5.122,5.117,0.371,0.485
"2025-09-09 05:00:00",257,0,0,0,0,0.238,145.7,0.528,5.117,8.533334,1018.548,-0.021,0,98.5,4.3,0,2.3,0,"013CAMPBELLCLIM50535VUE-500004413",0,1.899,4.149,-2.421,-80.5,-80.5,4.181,4.182,0.371,0.485
"2025-09-09 06:00:00",258,0,0,0,0,0.203,173,0.428,4.1,8.033334,1018.131,-0.021,0,98,3.4,0.117,2.25,0,"013CAMPBELLCLIM50535VUE-500004413",0,1.151,2.991,-3.333,-76.25,-76.25,3.263,3.267,0.37,0.485
"2025-09-09 07:00:00",259,0.833,0,0,0,0.407,289.2,0.835,4.383,8.016666,1017.964,0.002,0.335,98.3,4,0.05,2.35,0.003,"013CAMPBELLCLIM50535VUE-500004413",0,1.61,3.539,-4.195,-74.36,-74.36,2.79,2.789,0.37,0.485
"2025-09-09 08:00:00",260,22.5,0.017,0,0,0.245,336.5,0.487,4.65,8.25,1018.164,0.012,1.086,92.8,4.6,0,2.317,0.081,"013CAMPBELLCLIM50535VUE-500004413",0,2.944,4.003,-4.986,-49.24,-49.24,2.917,2.918,0.37,0.485
"2025-09-09 09:00:00",261,176.3,0,0,0,0.947,316.6,2.175,8.72,10.96667,1018.331,0.085,1.781,97.6,11.3,-0.067,2.45,0.6348,"013CAMPBELLCLIM50535VUE-500004413",0,9.33,8.21,-5.635,179.8,179.8,5.311,5.314,0.369,0.485
