"TOA5","CR5000_2","CR5000","2447","CR5000.Std.07","CPU:Parcela3_final.CR5","8647","Table1"
"TIMESTAMP","RECORD","SlrFD_W_Avg","Rain_mm_Tot","Strikes_Tot","Dist_km_Avg","WS_ms_Avg","WindDir","MaxWS_ms_Avg","AirT_C_Avg","VP_mbar_Avg","BP_mbar_Avg","ETos","Rso","RH","RHT_C","TiltNS_deg_Avg","TiltWE_deg_Avg","SlrTF_MJ_Tot","CVMeta","Invalid_Wind","TT_C_Avg","SBT_C_Avg","SHF_Avg","NR_Wm2_Avg","CNR_Wm2_Avg","Temp_TC1_C_Avg","Temp_TC2_C_Avg","SWC_5CM_Avg","SWC_40CM_Avg"
"TS","RN","W/m^2","mm","count","kilometers","m/s","degrees","m/s","Deg C","mbar","mbar","Deg C","Deg C","%","Deg C","degrees","degrees","MJ/m^2","","","Deg C","Deg C","W/m^2","W/meter^2","W/m^2","Deg C","Deg C","m3/m3","m3/m3"
"","","Avg","Tot","Tot","Avg","Avg","Smp","Avg","Avg","Avg","Avg","ETsz","RSo","Smp","Smp","Avg","Avg","Tot","Smp","Smp","Avg","Avg","Avg","Avg","Avg","Avg","Avg","Avg","Avg"
"2025-07-30 11:00:00",213,69.83,0,0,0,0.61,27.7,1.588,13.45,10.65,1013.898,0.055,1.962,69.8,13.9,0.167,2.317,0.2514,"013CAMPBELLCLIM50535VUE-500004413",0,13.23,13.65,-3.099,33.5,33.5,11.95,11.95,0.325,0.477
"2025-07-30 12:00:00",214,116.7,0,0,0,0.535,294.9,1.442,13.85,10.81667,1015.181,0.082,2.138,68.8,14.9,0.067,2.233,0.42,"013CAMPBELLCLIM50535VUE-500004413",0,14.67,14.56,-2.937,79.72,79.72,13.12,13.12,0.326,0.477
"2025-07-30 13:00:00",215,187.3,0,0,0,0.773,272.6,1.782,14.37,11.2,1015.364,0.124,2.093,68.4,16,0.117,2.283,0.6744,"013CAMPBELLCLIM50535VUE-500004413",0,16.64,15.61,-2.546,136.1,136.1,14.6,14.6,0.326,0.477
"2025-07-30 14:00:00",216,168.3,0,0,0,0.923,320.1,2.508,14.83,11.36667,1013.664,0.116,1.837,66.1,16.2,0.117,2.3,0.606,"013CAMPBELLCLIM50535VUE-500004413",0,16.46,15.91,-1.896,101.7,101.7,15.67,15.67,0.326,0.477
"2025-07-30 15:00:00",217,87.2,0,0,0,0.863,210.8,2.152,14.52,11.18333,1012.498,0.072,1.392,68,15,0.083,2.2,0.3138,"013CAMPBELLCLIM50535VUE-500004413",0,14.69,14.85,-1.041,31.88,31.88,15.5,15.5,0.325,0.477
"2025-07-30 16:00:00",218,58,0,0,0,0.338,168,0.988,14.62,11.03333,1011.364,0.044,0.805,65.8,15,0.05,2.133,0.2088,"013CAMPBELLCLIM50535VUE-500004413",0,14.52,14.86,-0.295,13.97,13.97,15.04,15.04,0.326,0.477
"2025-07-30 17:00:00",219,44.67,0,0,0,0.3,284.5,0.813,14.47,11.26667,1010.231,-0.012,0.192,71.9,14.5,0.117,2.233,0.1608,"013CAMPBELLCLIM50535VUE-500004413",0,13.74,14.69,0.149,0.168,0.168,14.77,14.77,0.326,0.477
"2025-07-30 18:00:00",220,14.17,0,0,0,0.278,134.6,0.633,13.5,11.31667,1009.648,0.01,0,76.6,13.1,0.067,2.3,0.051,"013CAMPBELLCLIM50535VUE-500004413",0,11.7,13.13,0.398,-28.8,-28.8,13.85,13.85,0.326,0.477
"2025-07-30 19:00:00",221,1.167,0,0,0,0.328,180.2,0.943,11.97,11.01667,1009.731,0.005,0,77.3,11.4,0.133,2.2,0.0042,"013CAMPBELLCLIM50535VUE-500004413",0,9.88,11.1,0.441,-40.47,-40.47,12.35,12.35,0.325,0.477
"2025-07-30 20:00:00",222,0,0,0,0,0.443,154.3,1.288,11.72,10.68333,1009.931,0.006,0,79.8,11.1,0.067,2.283,0,"013CAMPBELLCLIM50535VUE-500004413",0,9.34,10.73,0.214,-43.04,-43.04,11.24,11.25,0.325,0.477
"2025-07-30 21:00:00",223,0,0,0,0,0.268,86.4,0.56,10.68,10.66667,1010.214,0.003,0,82.9,10.1,-0.017,2.267,0,"013CAMPBELLCLIM50535VUE-500004413",0,8.83,9.83,-0.234,-34.68,-34.68,10.39,10.39,0.325,0.477
"2025-07-30 22:00:00",224,0,0,0,0,0.887,112.7,2.397,11.43,10.93333,1010.648,0.009,0,85.1,11,0.083,2.25,0,"013CAMPBELLCLIM50535VUE-500004413",0,9.81,10.84,-0.749,-39.26,-39.26,10.18,10.18,0.325,0.477
"2025-07-30 23:00:00",225,0,0,0,0,0.917,154.6,3.057,10.85,11.06667,1011.414,0.007,0,84.8,10.5,0.033,2.283,0,"013CAMPBELLCLIM50535VUE-500004413",0,9.39,10.48,-1.22,-37.1,-37.1,10.2,10.2,0.325,0.477
"2025-07-31 00:00:00",226,0,0,0,0,0.337,154.4,0.9,10.42,10.96667,1012.031,0.003,0,89.3,9.9,0.033,2.267,0,"013CAMPBELLCLIM50535VUE-500004413",0,8.7,9.78,-1.582,-31.62,-31.62,9.91,9.91,0.325,0.477
"2025-07-31 01:00:00",227,0,0,0,0,0.348,209.6,0.697,9.98,10.85,1012.248,0.003,0,89.2,9.8,-0.017,2.283,0,"013CAMPBELLCLIM50535VUE-500004413",0,8.49,9.2,-1.886,-29.57,-29.57,9.33,9.33,0.325,0.477
"2025-07-31 02:00:00",228,0,0,0,0,0.573,265.9,1.228,10,10.93333,1012.014,0.004,0,89,9.8,0.1,2.25,0,"013CAMPBELLCLIM50535VUE-500004413",0,8.84,9.53,-2.18,-27.39,-27.39,9.18,9.18,0.325,0.477
"2025-07-31 03:00:00",229,0,0,0,0,0.823,221.2,2.072,9.77,10.96667,1011.981,0.004,0,91.7,9.6,0.067,2.333,0,"013CAMPBELLCLIM50535VUE-500004413",0,8.76,9.5,-2.449,-26.72,-26.72,9.25,9.25,0.325,0.477
"2025-07-31 04:00:00",230,0,0,0,0,0.648,287.2,1.565,9.52,10.91667,1011.481,0.003,0,91.9,9.3,0.017,2.333,0,"013CAMPBELLCLIM50535VUE-500004413",0,8.43,9.12,-2.654,-26.11,-26.11,9.1,9.1,0.324,0.477
"2025-07-31 05:00:00",231,0,0,0,0,0.642,79.5,1.457,9.38,10.88333,1010.931,0.003,0,93.6,9.1,0.033,2.317,0,"013CAMPBELLCLIM50535VUE-500004413",0,8.08,9,-2.821,-31.37,-31.37,8.95,8.95,0.324,0.477
"2025-07-31 06:00:00",232,0,0,0,0,0.763,280.7,1.988,9.42,10.81667,1010.048,0.003,0,86.4,9.3,0.05,2.3,0,"013CAMPBELLCLIM50535VUE-500004413",0,8.22,8.83,-2.967,-34.71,-34.71,8.65,8.65,0.324,0.477
"2025-07-31 07:00:00",233,0,0,0,0,0.67,156.3,1.485,10.9,10.55,1010.914,0.007,0,81,10.7,0.05,2.25,0,"013CAMPBELLCLIM50535VUE-500004413",0,9.32,10.52,-3.133,-26.6,-26.6,9.15,9.16,0.324,0.477
"2025-07-31 08:00:00",234,1.333,0,0,0,0.527,139.8,1.225,10.47,10.1,1011.298,0.008,0.419,76.4,10,0.15,2.3,0.0048,"013CAMPBELLCLIM50535VUE-500004413",0,8.96,9.96,-3.29,-23.12,-23.12,9.34,9.34,0.324,0.477
"2025-07-31 09:00:00",235,35.33,0,0,0,1.3,351.4,4.077,17.07,8.15,1010.798,0.076,1.064,38.5,17,0.233,2.283,0.1272,"013CAMPBELLCLIM50535VUE-500004413",0,15.04,16.41,-3.404,2.896,2.896,11.78,11.78,0.324,0.477
"2025-07-31 10:00:00",236,148.7,0,0,0,0.538,103.8,1.663,17.98,8.616667,1010.298,0.114,1.612,41.6,19.3,0.183,2.267,0.5352,"013CAMPBELLCLIM50535VUE-500004413",0,17.96,18.66,-3.451,115.5,115.5,15.05,15.05,0.324,0.477
"2025-07-31 11:00:00",237,178.7,0,0,0,1.283,122.2,3.787,15.77,9.55,1010.481,0.143,1.988,62,15.7,0.3,2.15,0.6432,"013CAMPBELLCLIM50535VUE-500004413",0,16.63,16.93,-3.218,135.3,135.3,16.9,16.9,0.324,0.477
"2025-07-31 12:00:00",238,387.8,0,0,0,1.427,132.3,3.723,15.83,10.43333,1011.698,0.238,2.157,56.2,18.5,0.183,2.2,1.3962,"013CAMPBELLCLIM50535VUE-500004413",0,22.25,17.51,-2.538,389.7,389.7,17.74,17.73,0.324,0.477
"2025-07-31 13:00:00",239,145.3,0,0,0,1.472,128.5,3.928,15.63,10.75,1012.598,0.125,2.113,61.8,15.8,0.25,2.183,0.5232,"013CAMPBELLCLIM50535VUE-500004413",0,17.13,16.74,-1.571,77.87,77.87,18.66,18.65,0.324,0.477
"2025-07-31 14:00:00",240,74,0,0,0,1.502,149.7,4.012,14.73,10.83333,1012.481,0.078,1.855,66.1,15.1,0.083,2.267,0.2664,"013CAMPBELLCLIM50535VUE-500004413",0,15.01,14.95,-0.312,24.36,24.36,16.74,16.74,0.324,0.477
"2025-07-31 15:00:00",241,66,0,0,0,1.278,145.8,3.077,14.23,10.86667,1012.064,0.066,1.406,66.9,14.6,0.133,2.233,0.2376,"013CAMPBELLCLIM50535VUE-500004413",0,14.18,14.39,0.56,9.64,9.64,15.53,15.53,0.324,0.477
"2025-07-31 16:00:00",242,47,0,0,0,1.06,133.7,2.302,14.03,11.08333,1012.314,0.05,0.815,72.6,14.1,0.017,2.217,0.1692,"013CAMPBELLCLIM50535VUE-500004413",0,13.62,14.11,0.906,-19.56,-19.56,14.88,14.88,0.324,0.477
"2025-07-31 17:00:00",243,11.67,1.326,0,0,0.478,92.7,1.227,12.2,12.33333,1013.031,0.012,0.198,94.4,11.8,0.083,2.267,0.042,"013CAMPBELLCLIM50535VUE-500004413",0,11.3,11.85,0.975,-32.83,-32.83,13.42,13.43,0.324,0.477
"2025-07-31 18:00:00",244,2,2.975,0,0,0.22,150.8,0.613,11.25,12.88333,1013.431,0.001,0,98,11.1,0.1,2.233,0.0072,"013CAMPBELLCLIM50535VUE-500004413",0,10.89,10.89,0.882,-17.61,-17.61,12.24,12.24,0.324,0.477
"2025-07-31 19:00:00",245,0,2.805,0,0,0.31,0.9,0.837,10.93,12.9,1013.431,0.001,0,98.5,10.8,0.15,2.283,0,"013CAMPBELLCLIM50535VUE-500004413",0,10.57,10.63,0.591,-17.81,-17.81,11.52,11.53,0.324,0.477
"2025-07-31 20:00:00",246,0,2.482,0,0,0.25,129.2,0.61,10.78,12.86667,1014.031,0,0,99.9,10.7,0.017,2.267,0,"013CAMPBELLCLIM50535VUE-500004413",0,10.39,10.47,0.127,-17.37,-17.37,11.09,11.09,0.326,0.477
"2025-07-31 21:00:00",247,0,1.632,0,0,0.273,309.4,0.778,10.78,12.91667,1013.981,0,0,100,10.6,0.117,2.183,0,"013CAMPBELLCLIM50535VUE-500004413",0,10.32,10.47,-0.403,-20.13,-20.13,10.84,10.84,0.363,0.477
"2025-07-31 22:00:00",248,0,2.533,0,0,0.285,349.7,0.763,10.47,12.66667,1013.848,0,0,100,10.3,0.033,2.3,0,"013CAMPBELLCLIM50535VUE-500004413",0,9.96,10.15,-0.909,-17.95,-17.95,10.62,10.62,0.388,0.477
"2025-07-31 23:00:00",249,0,3.621,0,0,0.472,253.3,1.243,9.93,11.96667,1013.981,0.001,0,97.7,9.5,-0.067,2.233,0,"013CAMPBELLCLIM50535VUE-500004413",0,9.18,9.29,-1.429,-23.78,-23.78,10.12,10.11,0.404,0.477
"2025-08-01 00:00:00",250,0,0.408,0,0,0.26,121.3,0.737,9.53,11.81667,1013.281,0,0,99.8,9.4,0.017,2.267,0,"013CAMPBELLCLIM50535VUE-500004413",0,9.01,9.1,-2.034,-22.3,-22.3,9.68,9.68,0.411,0.476
"2025-08-01 01:00:00",251,0,0.221,0,0,0.278,2.6,0.713,9.48,11.83333,1012.614,0,0,99.9,9.4,0.033,2.233,0,"013CAMPBELLCLIM50535VUE-500004413",0,8.99,9.13,-2.432,-20.69,-20.69,9.47,9.47,0.406,0.476
"2025-08-01 02:00:00",252,0,1.683,0,0,0.228,354.1,0.52,9.52,11.86667,1012.798,0,0,100,9.5,0.083,2.267,0,"013CAMPBELLCLIM50535VUE-500004413",0,9.11,9.18,-2.687,-15.75,-15.75,9.4,9.4,0.403,0.476
"2025-08-01 03:00:00",253,0,1.802,0,0,0.51,338.2,1.415,9.4,11.78333,1013.531,0,0,100,9.4,0.033,2.25,0,"013CAMPBELLCLIM50535VUE-500004413",0,9.04,9.2,-3,-19.4,-19.4,9.42,9.42,0.406,0.476
"2025-08-01 04:00:00",254,0,1.207,0,0,0.882,354,2.35,9.47,11.63333,1014.081,0.001,0,96.8,9.2,0.05,2.267,0,"013CAMPBELLCLIM50535VUE-500004413",0,8.69,8.92,-3.314,-39.02,-39.02,9.28,9.28,0.407,0.476
"2025-08-01 05:00:00",255,0,0.867,0,0,0.872,312,2.32,9.13,11,1013.814,0.002,0,93.9,8.6,0.083,2.233,0,"013CAMPBELLCLIM50535VUE-500004413",0,7.975,8.4,-3.554,-47.59,-47.59,8.89,8.89,0.408,0.476
"2025-08-01 06:00:00",256,0,0.017,0,0,0.458,8.6,1.162,8.5,10.88333,1014.464,0.001,0,98.8,8.2,0.017,2.233,0,"013CAMPBELLCLIM50535VUE-500004413",0,7.717,8.07,-3.721,-33.24,-33.24,8.48,8.48,0.405,0.477
"2025-08-01 07:00:00",257,0,0.136,0,0,0.342,268.6,0.812,8.28,10.66667,1014.448,0.001,0,99.4,7.9,0.067,2.35,0,"013CAMPBELLCLIM50535VUE-500004413",0,7.5,7.713,-3.861,-29.59,-29.59,8.19,8.19,0.402,0.478
"2025-08-01 08:00:00",258,0.167,1.292,0,0,0.435,11.6,1.197,8.2,10.73333,1014.914,0.001,0.428,96.8,8.1,0.1,2.35,0.0006,"013CAMPBELLCLIM50535VUE-500004413",0,7.736,7.709,-3.994,-28.1,-28.1,7.983,7.984,0.399,0.481
"2025-08-01 09:00:00",259,7.667,1.836,0,0,0.58,325.7,1.552,8.38,10.66667,1015.731,0.006,1.062,97.3,8.2,0.083,2.317,0.0276,"013CAMPBELLCLIM50535VUE-500004413",0,7.859,7.822,-4.244,-23.31,-23.31,7.991,7.987,0.401,0.483
"2025-08-01 10:00:00",260,31.5,0.595,0,0,0.863,291.3,2.533,8.68,10.83333,1016.731,0.018,1.608,96.5,8.6,0.133,2.233,0.1134,"013CAMPBELLCLIM50535VUE-500004413",0,8.3,8.21,-4.609,-13.93,-13.93,8.16,8.16,0.405,0.484
"2025-08-01 11:00:00",261,59.5,1.105,0,0,1.39,315.7,4.313,8.23,10.68333,1017.981,0.031,1.991,94.8,8.3,0.067,2.317,0.2142,"013CAMPBELLCLIM50535VUE-500004413",0,8.05,8.13,-4.768,-16.04,-16.04,8.36,8.36,0.404,0.484
"2025-08-01 12:00:00",262,125.3,0.221,0,0,1.487,333,4.802,8.35,10.11667,1018.681,0.067,2.176,93.2,9,0.067,2.3,0.4512,"013CAMPBELLCLIM50535VUE-500004413",0,8.77,8.25,-4.749,78.11,78.11,8.24,8.24,0.404,0.485
"2025-08-01 13:00:00",263,208.7,0.187,0,0,1.043,328.9,2.735,9.02,10.61667,1018.831,0.104,2.129,92.2,10.7,0,2.35,0.7512,"013CAMPBELLCLIM50535VUE-500004413",0,10.74,9.46,-4.629,174.7,174.7,9.22,9.22,0.402,0.485
"2025-08-01 14:00:00",264,204.3,0.017,0,0,1.063,333.8,2.843,10.42,10.75,1018.648,0.108,1.869,79.8,11.4,0.1,2.267,0.7356,"013CAMPBELLCLIM50535VUE-500004413",0,11.93,11.06,-4.234,125.8,125.8,11.13,11.13,0.4,0.485
"2025-08-01 15:00:00",265,117.7,0,0,0,1.257,303.8,3.81,11.2,10.11667,1018.398,0.078,1.424,72.1,11.6,0.133,2.3,0.4236,"013CAMPBELLCLIM50535VUE-500004413",0,10.84,11.19,-3.351,75.68,75.68,11.34,11.35,0.398,0.485
"2025-08-01 16:00:00",266,37.17,0,0,0,0.612,182.5,1.58,11.23,9.900001,1018.348,0.031,0.831,77.7,11.1,0.167,2.317,0.1338,"013CAMPBELLCLIM50535VUE-500004413",0,10.24,11.01,-2.491,2.932,2.932,11.23,11.23,0.396,0.485
"2025-08-01 17:00:00",267,34.83,0,0,0,0.962,195.5,2.865,10.77,9.9,1019.064,0.008,0.207,77.7,10.6,0.15,2.183,0.1254,"013CAMPBELLCLIM50535VUE-500004413",0,9.66,10.7,-2.112,-21.13,-21.13,10.92,10.92,0.394,0.484
"2025-08-01 18:00:00",268,20.67,0,0,0,0.372,143.5,0.898,9.58,9.9,1019.431,0.008,0,85.6,9.3,-0.017,2.217,0.0744,"013CAMPBELLCLIM50535VUE-500004413",0,8.19,9.43,-2.078,-26.05,-26.05,10.18,10.18,0.393,0.484
"2025-08-01 19:00:00",269,0.333,0.051,0,0,0.63,339.1,1.81,9.6,9.783333,1019.698,0.005,0,83.9,8.9,0.05,2.35,0.0012,"013CAMPBELLCLIM50535VUE-500004413",0,8.28,9.03,-2.214,-64.96,-64.96,9.24,9.24,0.391,0.484
"2025-08-01 20:00:00",270,0,0.306,0,0,0.493,311.4,1.46,9.03,10.08333,1020.464,0.002,0,95.1,8.4,0,2.267,0,"013CAMPBELLCLIM50535VUE-500004413",0,7.935,8.52,-2.487,-47.56,-47.56,8.76,8.76,0.39,0.484
"2025-08-01 21:00:00",271,0,1.411,0,0,0.76,209.8,2.025,8.67,10.26667,1021.064,0.002,0,95,8.2,0.017,2.217,0,"013CAMPBELLCLIM50535VUE-500004413",0,7.719,8.09,-2.837,-42.93,-42.93,8.37,8.37,0.389,0.484
"2025-08-01 22:00:00",272,0,0.102,0,0,0.498,137,1.293,8.12,10.38333,1020.764,0,0,95.1,8,0.017,2.333,0,"013CAMPBELLCLIM50535VUE-500004413",0,7.424,7.644,-3.258,-37.62,-37.62,8.03,8.02,0.391,0.484
"2025-08-01 23:00:00",273,0,0.153,0,0,0.34,135.6,0.845,8.13,10.58333,1021.248,-0.001,0,98.7,8,0.05,2.2,0,"013CAMPBELLCLIM50535VUE-500004413",0,7.693,7.727,-3.651,-22.81,-22.81,7.897,7.896,0.391,0.484
"2025-08-02 00:00:00",274,0,2.635,0,0,0.563,281.1,1.38,8.02,10.61667,1022.231,-0.001,0,99,7.8,0.017,2.25,0,"013CAMPBELLCLIM50535VUE-500004413",0,7.559,7.684,-3.966,-22.53,-22.53,7.921,7.923,0.392,0.484
"2025-08-02 01:00:00",275,0,3.553,0,0,0.508,334.3,1.355,7.583,10.35,1022.531,-0.001,0,98.6,7.4,0,2.35,0,"013CAMPBELLCLIM50535VUE-500004413",0,7.095,7.211,-4.495,-20.92,-20.92,7.69,7.691,0.402,0.484
"2025-08-02 02:00:00",276,0,3.077,0,0,1.12,351.8,2.918,7.567,9.966667,1022.581,0.001,0,94,7.2,0.033,2.3,0,"013CAMPBELLCLIM50535VUE-500004413",0,6.715,6.919,-5.402,-46.46,-46.46,7.376,7.372,0.417,0.484
"2025-08-02 03:00:00",277,0,3.502,0,0,1.178,351.5,3.457,7.233,9.833333,1022.681,0.001,0,95.9,6.9,0.067,2.25,0,"013CAMPBELLCLIM50535VUE-500004413",0,6.523,6.832,-6.086,-43.96,-43.96,7.118,7.118,0.418,0.485
"2025-08-02 04:00:00",278,0,0.17,0,0,0.97,335.6,2.725,7.1,9.516666,1022.881,0.001,0,94.4,6.6,0.017,2.3,0,"013CAMPBELLCLIM50535VUE-500004413",0,6.156,6.471,-6.598,-48.74,-48.74,6.837,6.838,0.416,0.485
"2025-08-02 05:00:00",279,0,0.595,0,0,0.703,326.7,1.875,6.833,9.416666,1023.048,0,0,96.2,6.5,-0.017,2.333,0,"013CAMPBELLCLIM50535VUE-500004413",0,6.158,6.313,-6.67,-38.73,-38.73,6.641,6.642,0.409,0.485
"2025-08-02 06:00:00",280,0,0.102,0,0,0.562,303.7,1.733,6.717,9.333333,1023.164,0,0,94.8,6.4,-0.033,2.25,0,"013CAMPBELLCLIM50535VUE-500004413",0,5.893,6.141,-6.677,-38.39,-38.39,6.428,6.43,0.405,0.485
"2025-08-02 07:00:00",281,0,0,0,0,0.4,262.2,0.777,6.6,9.483334,1023.314,-0.001,0,99.1,6.4,0,2.233,0,"013CAMPBELLCLIM50535VUE-500004413",0,6.097,6.197,-6.652,-18.16,-18.16,6.335,6.338,0.402,0.485
"2025-08-02 08:00:00",282,2.333,0.612,0,0,0.238,121.2,0.565,6.517,9.65,1023.731,0.002,0.441,100,6.5,-0.033,2.283,0.0084,"013CAMPBELLCLIM50535VUE-500004413",0,6.324,6.22,-6.623,-12.53,-12.53,6.373,6.371,0.4,0.485
"2025-08-02 09:00:00",283,29.17,0.51,0,0,0.327,66.3,0.908,6.467,9.65,1024.014,0.015,1.081,100,6.9,-0.05,2.283,0.105,"013CAMPBELLCLIM50535VUE-500004413",0,6.846,6.433,-6.602,15.12,15.12,6.49,6.491,0.398,0.485
"2025-08-02 10:00:00",284,112,0,0,0,0.378,131.8,0.948,7,10,1024.314,0.058,1.629,100,8.2,0,2.267,0.4032,"013CAMPBELLCLIM50535VUE-500004413",0,8.55,7.707,-6.577,84.2,84.2,7.179,7.176,0.398,0.485
"2025-08-02 11:00:00",285,236,0,0,0,0.418,15.9,1.062,8.13,10.66667,1024.214,0.113,2.006,95.9,10.5,0.133,2.267,0.8496,"013CAMPBELLCLIM50535VUE-500004413",0,10.63,9.54,-6.309,222,222,8.95,8.95,0.397,0.485
"2025-08-02 12:00:00",286,230.7,0,0,0,0.537,36.1,1.408,9.12,10.53333,1023.948,0.118,2.186,89.3,11.2,0,2.283,0.8304,"013CAMPBELLCLIM50535VUE-500004413",0,11.86,10.66,-5.593,218.2,218.2,10.73,10.73,0.395,0.485
"2025-08-02 13:00:00",287,189,0,0,0,0.618,288.1,1.51,9.7,10.35,1023.181,0.103,2.147,85.9,11.2,0.067,2.3,0.6804,"013CAMPBELLCLIM50535VUE-500004413",0,11.5,11.07,-4.443,144.8,144.8,11.7,11.7,0.394,0.485
"2025-08-02 14:00:00",288,163.7,0,0,0,0.817,295.5,2.028,9.73,10.45,1022.631,0.089,1.887,86.9,10.9,0.067,2.3,0.5892,"013CAMPBELLCLIM50535VUE-500004413",0,11.18,10.35,-3.162,130,130,11.58,11.58,0.393,0.485
"2025-08-02 15:00:00",289,167.3,0,0,0,0.707,231.9,2.11,9.92,10.48333,1022.348,0.085,1.435,85.1,11.1,0.133,2.233,0.6024,"013CAMPBELLCLIM50535VUE-500004413",0,11.68,10.81,-2.147,121.9,121.9,11.79,11.79,0.392,0.485
"2025-08-02 16:00:00",290,105.3,0,0,0,0.428,266.3,1.118,10.05,10.3,1021.798,0.049,0.841,83,10.9,0.083,2.3,0.3792,"013CAMPBELLCLIM50535VUE-500004413",0,10.86,10.63,-1.444,56.92,56.92,11.63,11.63,0.391,0.485
"2025-08-02 17:00:00",291,73,0,0,0,0.493,275.5,1.263,10.2,10.3,1022.198,-0.006,0.214,82.1,10.7,0.067,2.283,0.2628,"013CAMPBELLCLIM50535VUE-500004413",0,10.3,10.42,-0.943,31.08,31.08,11.22,11.22,0.39,0.485
"2025-08-02 18:00:00",292,71,0,0,0,0.398,115.4,1.078,10.57,10.41667,1022.914,0.018,0,83.9,10.9,0.033,2.267,0.2556,"013CAMPBELLCLIM50535VUE-500004413",0,9.81,11.41,-0.698,-2.211,-2.211,11.28,11.28,0.389,0.485
"2025-08-02 19:00:00",293,0.833,0,0,0,0.122,218,0.262,8.02,9.85,1022.914,-0.005,0,95,6.9,0.067,2.267,0.003,"013CAMPBELLCLIM50535VUE-500004413",0,4.646,6.759,-0.696,-72.51,-72.51,9.17,9.17,0.388,0.484
"2025-08-02 20:00:00",294,0,0,0,0,0.142,175.9,0.342,6.583,9.35,1022.931,-0.005,0,97.2,6.1,-0.05,2.3,0,"013CAMPBELLCLIM50535VUE-500004413",0,4.858,5.269,-1.078,-51.38,-51.38,7.075,7.078,0.387,0.484
"2025-08-02 21:00:00",295,0,0,0,0,0.21,274.8,0.46,6.183,9.216667,1023.131,-0.005,0,95.6,5.3,0,2.3,0,"013CAMPBELLCLIM50535VUE-500004413",0,3.743,4.908,-1.944,-72.44,-72.44,5.915,5.913,0.386,0.484
"2025-08-02 22:00:00",296,0,0,0,0,0.22,192.3,0.483,5.433,8.783333,1022.931,-0.005,0,98.5,4.5,0.033,2.25,0,"013CAMPBELLCLIM50535VUE-500004413",0,2.632,4.236,-2.908,-70.55,-70.55,4.744,4.744,0.385,0.484
"2025-08-02 23:00:00",297,0,0,0,0,0.25,192.4,0.553,4.317,8.116667,1022.631,-0.005,0,97,3.6,0.033,2.25,0,"013CAMPBELLCLIM50535VUE-500004413",0,1.41,3.007,-3.897,-78.22,-78.22,3.551,3.552,0.384,0.484
"2025-08-03 00:00:00",298,0,0,0,0,0.252,122.9,0.503,3.783,7.766666,1021.698,-0.004,0,96.2,3.1,-0.017,2.317,0,"013CAMPBELLCLIM50535VUE-500004413",0,0.903,2.709,-4.911,-74.65,-74.65,2.679,2.682,0.384,0.484
"2025-08-03 01:00:00",299,0,0,0,0,0.207,150,0.44,2.883,7.4,1021.314,-0.005,0,98,2.1,-0.067,2.267,0,"013CAMPBELLCLIM50535VUE-500004413",0,0.218,1.808,-5.875,-73.18,-73.18,1.892,1.894,0.383,0.484
"2025-08-03 02:00:00",300,0,0,0,0,0.175,164.5,0.383,2.317,7.033333,1021.331,-0.005,0,97.7,1.7,-0.05,2.367,0,"013CAMPBELLCLIM50535VUE-500004413",0,-0.112,1.137,-6.757,-67.63,-67.63,1.105,1.108,0.382,0.484
"2025-08-03 03:00:00",301,0,0,0,0,0.257,254.8,0.613,2.35,6.933333,1021.314,-0.004,0,90.9,1.9,0.033,2.333,0,"013CAMPBELLCLIM50535VUE-500004413",0,0.403,1.126,-7.567,-62.34,-62.34,0.719,0.721,0.381,0.484
"2025-08-03 04:00:00",302,0,0.017,0,0,0.593,261,1.233,3.75,7.766666,1021.298,-0.004,0,99.9,3.3,0,2.35,0,"013CAMPBELLCLIM50535VUE-500004413",0,2.04,3.339,-8.29,-49.71,-49.71,1.69,1.696,0.38,0.484
"2025-08-03 05:00:00",303,0,0.017,0,0,0.193,226.4,0.368,3.183,7.616667,1020.998,-0.005,0,98,2.9,0,2.333,0,"013CAMPBELLCLIM50535VUE-500004413",0,2.131,2.44,-8.88,-35.15,-35.15,2.003,2.007,0.38,0.484
"2025-08-03 06:00:00",304,0,0,0,0,0.172,254.4,0.397,3.5,7.766666,1020.431,-0.005,0,99.5,3.3,0.033,2.3,0,"013CAMPBELLCLIM50535VUE-500004413",0,2.725,2.902,-9.26,-29.81,-29.81,2.342,2.338,0.379,0.484
"2025-08-03 07:00:00",305,0,0.017,0,0,0.287,77.5,0.745,4.033,8.033334,1020.281,-0.005,0,99.9,3.9,-0.017,2.283,0,"013CAMPBELLCLIM50535VUE-500004413",0,3.427,3.635,-9.43,-26.23,-26.23,2.848,2.849,0.378,0.484
"2025-08-03 08:00:00",306,1,0,0,0,0.297,184.2,0.8,4.333,8.266666,1020.481,0.001,0.455,99,4.4,-0.017,2.3,0.0036,"013CAMPBELLCLIM50535VUE-500004413",0,4.048,4.07,-9.45,-17.34,-17.34,3.384,3.385,0.378,0.484
"2025-08-03 09:00:00",307,15.17,0.017,0,0,0.445,73.8,1.262,5.15,8.783333,1020.714,0.008,1.1,100,5.4,-0.033,2.3,0.0546,"013CAMPBELLCLIM50535VUE-500004413",0,5.17,5.054,-9.36,0.31,0.31,4.199,4.194,0.377,0.484
"2025-08-03 10:00:00",308,38.5,0,0,0,0.445,294.9,1.038,5.85,9.233334,1020.848,0.019,1.651,100,6.4,-0.05,2.3,0.1386,"013CAMPBELLCLIM50535VUE-500004413",0,6.366,5.902,-9.16,27.42,27.42,5.1,5.099,0.377,0.484
"2025-08-03 11:00:00",309,101,0,0,0,0.678,272.8,1.76,6.783,9.85,1021.548,0.05,2.03,100,7.4,0.033,2.283,0.3636,"013CAMPBELLCLIM50535VUE-500004413",0,7.995,6.991,-8.82,88.1,88.1,6.291,6.292,0.376,0.484
"2025-08-03 12:00:00",310,125.7,0,0,0,0.64,293.9,1.673,7.717,10.51667,1020.764,0.064,2.203,99.7,8.4,0.05,2.25,0.4524,"013CAMPBELLCLIM50535VUE-500004413",0,9.29,8.22,-8.28,106.7,106.7,7.387,7.387,0.376,0.484
"2025-08-03 13:00:00",311,245.3,0,0,0,0.9,276.9,2.717,9.37,11.01667,1020.298,0.121,2.155,82.9,11.1,0,2.267,0.8832,"013CAMPBELLCLIM50535VUE-500004413",0,12.82,10.79,-7.507,241.3,241.3,9.29,9.29,0.376,0.484
"2025-08-03 14:00:00",312,206.2,0,0,0,0.67,156.5,1.868,11.22,10.75,1019.814,0.114,1.898,78.8,12.9,0.117,2.233,0.7422,"013CAMPBELLCLIM50535VUE-500004413",0,13.88,12.99,-6.503,159.4,159.4,11.58,11.58,0.376,0.484
"2025-08-03 15:00:00",313,225.2,0,0,0,0.653,279.1,1.607,12.07,10.73333,1019.314,0.116,1.446,73.7,14.2,0.1,2.233,0.8106,"013CAMPBELLCLIM50535VUE-500004413",0,15.26,14.18,-5.265,183.4,183.4,13.01,13,0.376,0.484
"2025-08-03 16:00:00",314,287.7,0,0,0,0.702,133,1.698,13.25,10.63333,1019.248,0.126,0.85,65.1,16.3,0.183,2.283,1.0356,"013CAMPBELLCLIM50535VUE-500004413",0,17.19,16.01,-3.967,196.9,196.9,14.63,14.64,0.375,0.484
"2025-08-03 17:00:00",315,115.7,0,0,0,1.067,140.9,2.437,13.67,10.15,1019.998,0.034,0.221,64.9,14.1,0.083,2.283,0.4164,"013CAMPBELLCLIM50535VUE-500004413",0,13.74,14.74,-2.669,51.33,51.33,15.47,15.47,0.375,0.484
"2025-08-03 18:00:00",316,28.33,0,0,0,0.578,129,1.803,12.43,10,1020.214,0.007,0,73.2,12,0.083,2.25,0.102,"013CAMPBELLCLIM50535VUE-500004413",0,10.59,12.36,-1.443,-25.91,-25.91,13.88,13.88,0.375,0.484
"2025-08-03 19:00:00",317,0.167,0,0,0,0.237,156.2,0.473,10.23,10.26667,1020.381,-0.009,0,86.5,9.6,0.083,2.283,0.0006,"013CAMPBELLCLIM50535VUE-500004413",0,8.16,9.49,-0.793,-39.89,-39.89,11.67,11.67,0.375,0.484
"2025-08-03 20:00:00",318,0,0,0,0,0.38,261.1,0.933,9.77,10.11667,1020.414,-0.007,0,79.2,9.5,0.033,2.333,0,"013CAMPBELLCLIM50535VUE-500004413",0,8.22,8.88,-0.82,-37.77,-37.77,10,9.99,0.375,0.484
"2025-08-03 21:00:00",319,0,0,0,0,0.542,218,1.142,10.35,10.25,1020.481,-0.005,0,83,9.8,0,2.167,0,"013CAMPBELLCLIM50535VUE-500004413",0,8.4,9.94,-1.263,-36.34,-36.34,9.6,9.6,0.375,0.484
"2025-08-03 22:00:00",320,0,0,0,0,0.243,220.7,0.513,8.87,10.28333,1020.198,-0.009,0,94.2,8.3,0.083,2.317,0,"013CAMPBELLCLIM50535VUE-500004413",0,6.931,8.3,-1.789,-33.59,-33.59,8.9,8.9,0.375,0.484
"2025-08-03 23:00:00",321,0,0,0,0,0.293,166.3,0.64,8.07,10.15,1019.864,-0.009,0,94.2,7.8,0.033,2.333,0,"013CAMPBELLCLIM50535VUE-500004413",0,6.73,7.286,-2.301,-32.22,-32.22,8.01,8.01,0.374,0.483
"2025-08-04 00:00:00",322,0,0,0,0,0.187,121.8,0.392,7.783,10.16667,1019.648,-0.01,0,97.2,7.4,0.083,2.317,0,"013CAMPBELLCLIM50535VUE-500004413",0,6.293,6.986,-2.796,-35.65,-35.65,7.518,7.514,0.374,0.483
"2025-08-04 01:00:00",323,0,0,0,0,0.545,261.6,1.207,7.917,10.06667,1019.214,-0.008,0,93.8,7.6,0.05,2.317,0,"013CAMPBELLCLIM50535VUE-500004413",0,5.862,7.03,-3.247,-53.6,-53.6,7.037,7.035,0.374,0.483
"2025-08-04 02:00:00",324,0,0,0,0,0.322,167.7,0.792,7,9.683333,1019.114,-0.009,0,97.8,6,-0.017,2.35,0,"013CAMPBELLCLIM50535VUE-500004413",0,3.85,6.119,-3.691,-65.82,-65.82,6.37,6.377,0.374,0.483
"2025-08-04 03:00:00",325,0,0,0,0,0.403,232.9,0.887,5.8,8.9,1018.498,-0.008,0,93.4,5.1,-0.033,2.267,0,"013CAMPBELLCLIM50535VUE-500004413",0,2.789,4.738,-4.16,-73.73,-73.73,5.095,5.095,0.373,0.483
"2025-08-04 04:00:00",326,0,0,0,0,0.32,214.8,0.7,4.9,8.55,1018.164,-0.009,0,97,3.9,0,2.35,0,"013CAMPBELLCLIM50535VUE-500004413",0,1.86,3.96,-4.768,-65.13,-65.13,4.265,4.265,0.373,0.483
"2025-08-04 05:00:00",327,0,0,0,0,0.213,189.5,0.452,3.833,7.883333,1017.548,-0.009,0,97.5,3.1,-0.083,2.283,0,"013CAMPBELLCLIM50535VUE-500004413",0,1.07,2.696,-5.459,-64.38,-64.38,3.155,3.156,0.373,0.483
"2025-08-04 06:00:00",328,0,0,0,0,0.262,220.4,0.6,3.3,7.616667,1017.281,-0.009,0,98,2.8,-0.033,2.267,0,"013CAMPBELLCLIM50535VUE-500004413",0,1.019,2.429,-6.17,-61.78,-61.78,2.402,2.406,0.372,0.483
"2025-08-04 07:00:00",329,0,0,0,0,0.302,236.8,0.723,3.483,7.55,1017.231,-0.008,0,93.6,3,-0.017,2.283,0,"013CAMPBELLCLIM50535VUE-500004413",0,1.466,2.593,-6.843,-56.07,-56.07,2.066,2.065,0.372,0.483
"2025-08-04 08:00:00",330,6,0,0,0,0.348,152.8,0.772,3.8,7.85,1017.464,0.004,0.468,99.2,3.2,0.1,2.233,0.0216,"013CAMPBELLCLIM50535VUE-500004413",0,1.677,3.207,-7.438,-49.37,-49.37,2.317,2.312,0.372,0.483
"2025-08-04 09:00:00",331,64,0.017,0,0,0.322,251.2,0.718,4.7,8.35,1017.498,0.031,1.117,100,5.4,0,2.317,0.2304,"013CAMPBELLCLIM50535VUE-500004413",0,4.402,4.454,-7.933,20.01,20.01,2.929,2.932,0.371,0.484
"2025-08-04 10:00:00",332,149.5,0.017,0,0,0.38,299.1,0.83,6.983,10.01667,1017.498,0.072,1.659,99.8,8.3,0.083,2.333,0.5382,"013CAMPBELLCLIM50535VUE-500004413",0,7.838,7.066,-8.25,127.2,127.2,5.102,5.101,0.371,0.484
"2025-08-04 11:00:00",333,252.5,0,0,0,0.517,119.5,1.362,10.12,11.45,1017.631,0.128,2.03,82.5,12.5,0.017,2.333,0.909,"013CAMPBELLCLIM50535VUE-500004413",0,12.87,10.68,-8.16,216.1,216.1,8.08,8.08,0.371,0.484
"2025-08-04 12:00:00",334,370.3,0,0,0,0.698,297.1,1.533,13.22,11.23333,1017.498,0.203,2.211,68.9,16.7,0.033,2.317,1.3332,"013CAMPBELLCLIM50535VUE-500004413",0,18.04,15.2,-7.473,388.3,388.3,12.29,12.28,0.371,0.484
"2025-08-04 13:00:00",335,405.8,0,0,0,0.665,308.3,1.635,16.05,11.03333,1017.064,0.238,2.17,55.9,19.7,0.217,2.317,1.461,"013CAMPBELLCLIM50535VUE-500004413",0,20.99,18.83,-6.175,355.6,355.6,16.47,16.47,0.371,0.484
"2025-08-04 14:00:00",336,387.8,0,0,0,0.615,316.7,1.533,17.9,11.28333,1016.448,0.232,1.908,52.9,21.3,0.167,2.283,1.3962,"013CAMPBELLCLIM50535VUE-500004413",0,22.85,20.99,-4.319,317.4,317.4,19.33,19.33,0.371,0.484
"2025-08-04 15:00:00",337,293.8,0,0,0,0.522,344.3,1.207,19.42,11.13333,1016.048,0.175,1.456,48.8,21.9,0.233,2.167,1.0578,"013CAMPBELLCLIM50535VUE-500004413",0,22.18,22.54,-2.15,201.5,201.5,21.24,21.24,0.371,0.484
"2025-08-04 16:00:00",338,277.2,0,0,0,0.735,300.4,1.632,20.02,10.88333,1016.014,0.147,0.86,43.9,22.2,0.233,2.217,0.9978,"013CAMPBELLCLIM50535VUE-500004413",0,22.74,22.31,0.017,202.5,202.5,21.94,21.94,0.371,0.484
"2025-08-04 17:00:00",339,134.8,0,0,0,0.542,328.7,1.6,19.52,10.63333,1016.614,0.042,0.228,48.4,20.2,0.217,2.25,0.4854,"013CAMPBELLCLIM50535VUE-500004413",0,18.58,20.47,1.831,34.32,34.32,21.32,21.32,0.371,0.484
"2025-08-04 18:00:00",340,34.5,0,0,0,0.193,47.2,0.485,16.67,12.11667,1017.081,-0.004,0,72.3,15.6,0.233,2.25,0.1242,"013CAMPBELLCLIM50535VUE-500004413",0,12.7,16.62,3.101,-44.55,-44.55,18.87,18.87,0.372,0.483
"2025-08-04 19:00:00",341,0.333,0,0,0,0.185,130.4,0.398,12.8,11.86667,1017.631,-0.016,0,86.2,11.7,0.017,2.25,0.0012,"013CAMPBELLCLIM50535VUE-500004413",0,9.3,11.61,3.591,-57.1,-57.1,15.06,15.06,0.372,0.483
"2025-08-04 20:00:00",342,0,0,0,0,0.29,120.8,0.652,11.28,11.25,1018.164,-0.015,0,85,10.7,0.033,2.283,0,"013CAMPBELLCLIM50535VUE-500004413",0,8.43,9.85,3.264,-57.66,-57.66,12.19,12.19,0.372,0.483
"2025-08-04 21:00:00",343,0,0,0,0,0.163,220.9,0.357,9.83,11.01667,1018.364,-0.016,0,91.8,9,0,2.25,0,"013CAMPBELLCLIM50535VUE-500004413",0,7.315,8.61,2.422,-51.53,-51.53,10.29,10.29,0.372,0.483
"2025-08-04 22:00:00",344,0,0,0,0,0.357,82.9,0.807,10.65,11,1018.598,-0.014,0,93,9.4,0.1,2.283,0,"013CAMPBELLCLIM50535VUE-500004413",0,7.524,9.49,1.413,-52.46,-52.46,9.42,9.42,0.372,0.483
"2025-08-04 23:00:00",345,0,0,0,0,0.235,150.5,0.458,8.58,10.63333,1018.664,-0.015,0,96.3,8,0.017,2.283,0,"013CAMPBELLCLIM50535VUE-500004413",0,6.378,7.599,0.418,-45.25,-45.25,8.39,8.39,0.372,0.483
"2025-08-05 00:00:00",346,0,0,0,0,0.197,267.2,0.36,8.03,10.43333,1018.631,-0.016,0,97,7.5,0.033,2.167,0,"013CAMPBELLCLIM50535VUE-500004413",0,6.015,7.123,-0.499,-48.98,-48.98,7.616,7.618,0.372,0.483
"2025-08-05 01:00:00",347,0,0,0,0,0.315,254.4,0.653,7.5,10.11667,1018.498,-0.015,0,94,7,-0.017,2.233,0,"013CAMPBELLCLIM50535VUE-500004413",0,5.291,6.582,-1.329,-56.99,-56.99,6.861,6.864,0.371,0.483
"2025-08-05 02:00:00",348,0,0,0,0,0.227,178.7,0.567,7.017,9.933333,1018.614,-0.015,0,98.5,6.2,-0.033,2.267,0,"013CAMPBELLCLIM50535VUE-500004413",0,4.713,6.223,-2.098,-52.51,-52.51,6.341,6.344,0.371,0.483
"2025-08-05 03:00:00",349,0,0,0,0,0.228,186.2,0.538,6.5,9.516666,1018.398,-0.015,0,98.5,6.1,0.05,2.317,0,"013CAMPBELLCLIM50535VUE-500004413",0,4.483,5.633,-2.84,-47.84,-47.84,5.77,5.769,0.371,0.483
"2025-08-05 04:00:00",350,0,0,0,0,0.345,213.1,0.773,6.883,9.616667,1018.181,-0.014,0,94.8,6.5,0,2.25,0,"013CAMPBELLCLIM50535VUE-500004413",0,5.067,6.111,-3.529,-44.53,-44.53,5.597,5.597,0.37,0.483
"2025-08-05 05:00:00",351,0,0,0,0,0.237,218.3,0.438,6.55,9.633333,1018.014,-0.015,0,99.6,5.9,0.017,2.317,0,"013CAMPBELLCLIM50535VUE-500004413",0,4.29,5.707,-4.127,-46.91,-46.91,5.576,5.577,0.37,0.483
"2025-08-05 06:00:00",352,0,0,0,0,0.168,124.7,0.345,5.717,9.033333,1018.248,-0.015,0,98.3,5.2,-0.017,2.217,0,"013CAMPBELLCLIM50535VUE-500004413",0,3.65,4.717,-4.616,-52.22,-52.22,4.924,4.924,0.37,0.483
"2025-08-05 07:00:00",353,0,0,0,0,0.168,193.3,0.367,5.133,8.683333,1018.598,-0.015,0,99,4.5,-0.017,2.35,0,"013CAMPBELLCLIM50535VUE-500004413",0,2.98,4.063,-5.091,-50.88,-50.88,4.311,4.311,0.37,0.483
"2025-08-05 08:00:00",354,5.5,0.017,0,0,0.172,241.5,0.385,4.75,8.4,1018.914,0.003,0.478,97.1,4.3,0,2.25,0.0198,"013CAMPBELLCLIM50535VUE-500004413",0,3.057,3.805,-5.576,-37.87,-37.87,3.783,3.786,0.369,0.483
"2025-08-05 09:00:00",355,65,0.017,0,0,0.222,228.7,0.537,6.217,9.316667,1019.648,0.034,1.125,100,7.2,0.05,2.233,0.234,"013CAMPBELLCLIM50535VUE-500004413",0,6.228,5.943,-6.059,22.72,22.72,4.394,4.386,0.369,0.483
"2025-08-05 10:00:00",356,163.7,0,0,0,0.305,177.9,0.81,9.33,11.73333,1020.698,0.083,1.66,99.9,11,0.1,2.3,0.5892,"013CAMPBELLCLIM50535VUE-500004413",0,10.37,9.4,-6.399,149.8,149.8,7.043,7.038,0.369,0.483
"2025-08-05 11:00:00",357,288,0,0,0,0.512,343.7,1.318,12.98,12.96667,1021.181,0.157,2.033,76.6,15.9,0.067,2.267,1.0368,"013CAMPBELLCLIM50535VUE-500004413",0,16.51,13.76,-6.301,263,263,10.79,10.79,0.369,0.483
"2025-08-05 12:00:00",358,374.3,0,0,0,0.905,317.2,2.082,15.7,12.86667,1020.998,0.219,2.211,69,18.5,0.217,2.3,1.3476,"013CAMPBELLCLIM50535VUE-500004413",0,20.19,17.46,-5.584,354.5,354.5,15.19,15.18,0.369,0.483
"2025-08-05 13:00:00",359,470,0,0,0,0.812,321.8,2.035,18.05,13.15,1020.281,0.283,2.166,60.5,21.4,0.217,2.3,1.692,"013CAMPBELLCLIM50535VUE-500004413",0,23.96,20.78,-4.216,457.5,457.5,18.89,18.89,0.369,0.483
"2025-08-05 14:00:00",360,473.3,0,0,0,0.848,297.4,2.08,19.95,13.15,1019.764,0.289,1.907,53.8,23.3,0.2,2.25,1.704,"013CAMPBELLCLIM50535VUE-500004413",0,25.99,23.15,-2.299,413.9,413.9,21.77,21.77,0.369,0.483
"2025-08-05 15:00:00",361,415.8,0,0,0,0.758,328.7,1.628,21.32,12.5,1019.664,0.248,1.46,47.5,24.6,0.317,2.167,1.497,"013CAMPBELLCLIM50535VUE-500004413",0,26.56,24.94,0.039,334.6,334.6,23.94,23.94,0.369,0.483
"2025-08-05 16:00:00",362,296.7,0,0,0,0.642,327.1,1.635,22.42,11.9,1019.698,0.165,0.867,41.1,24.7,0.267,2.217,1.068,"013CAMPBELLCLIM50535VUE-500004413",0,25.63,25.44,2.457,181.8,181.8,25,25,0.369,0.483
"2025-08-05 17:00:00",363,185.2,0,0,0,0.707,163.3,1.837,22.23,11.5,1019.981,0.089,0.235,45.4,23.3,0.267,2.133,0.6666,"013CAMPBELLCLIM50535VUE-500004413",0,22.34,24.34,4.554,44.28,44.28,24.7,24.7,0.369,0.483
"2025-08-05 18:00:00",364,54.5,0,0,0,0.668,88.6,2.103,20,12.21667,1020.581,0.007,0,58,19.2,0.2,2.233,0.1962,"013CAMPBELLCLIM50535VUE-500004413",0,16.18,20.4,5.94,-55.17,-55.17,22.63,22.63,0.37,0.483
"2025-08-05 19:00:00",365,0.667,0,0,0,0.385,74.7,1.277,16.12,12.33333,1021.514,-0.022,0,70.8,14.9,0.1,2.267,0.0024,"013CAMPBELLCLIM50535VUE-500004413",0,11.41,14.68,6.368,-76.94,-76.94,18.29,18.29,0.371,0.483
"2025-08-05 20:00:00",366,0,0,0,0,0.252,143.6,0.587,13.57,12.3,1022.214,-0.026,0,83,12.7,0.167,2.3,0,"013CAMPBELLCLIM50535VUE-500004413",0,10.54,12.21,5.887,-53.57,-53.57,14.9,14.91,0.371,0.483
"2025-08-05 21:00:00",367,0,0,0,0,0.228,118.6,0.483,12.13,12.28333,1022.514,-0.026,0,90.8,11.2,0,2.267,0,"013CAMPBELLCLIM50535VUE-500004413",0,9.24,10.95,4.831,-54.41,-54.41,12.71,12.71,0.371,0.483
"2025-08-05 22:00:00",368,0,0,0,0,0.152,37.2,0.342,10.28,11.71667,1022.648,-0.027,0,95.3,9.4,0.017,2.25,0,"013CAMPBELLCLIM50535VUE-500004413",0,7.302,8.93,3.669,-61.95,-61.95,10.69,10.69,0.371,0.483
"2025-08-05 23:00:00",369,0,0,0,0,0.438,345.6,1,10.6,11.58333,1022.614,-0.023,0,90.6,10.2,0.033,2.3,0,"013CAMPBELLCLIM50535VUE-500004413",0,7.479,9.14,2.509,-68.69,-68.69,9.35,9.35,0.371,0.483
"2025-08-06 00:00:00",370,0,0,0,0,0.283,161.3,0.733,9.22,11.11667,1022.814,-0.025,0,96.7,8.2,0.033,2.283,0,"013CAMPBELLCLIM50535VUE-500004413",0,5.934,8.31,1.362,-64.89,-64.89,8.59,8.59,0.371,0.483
"2025-08-06 01:00:00",371,0,0,0,0,0.233,129.1,0.513,7.9,10.38333,1022.581,-0.025,0,98.6,7.2,-0.017,2.283,0,"013CAMPBELLCLIM50535VUE-500004413",0,5.053,6.875,0.296,-61.12,-61.12,7.384,7.385,0.371,0.483
"2025-08-06 02:00:00",372,0,0,0,0,0.237,176.4,0.53,7,9.816667,1022.531,-0.024,0,96.9,6.4,-0.033,2.3,0,"013CAMPBELLCLIM50535VUE-500004413",0,4.441,5.985,-0.718,-60.67,-60.67,6.351,6.347,0.37,0.483
"2025-08-06 03:00:00",373,0,0,0,0,0.353,261.8,0.88,7.25,9.916666,1022.398,-0.023,0,98.2,6.5,-0.017,2.25,0,"013CAMPBELLCLIM50535VUE-500004413",0,4.515,6.468,-1.689,-64.03,-64.03,5.994,5.991,0.37,0.483
"2025-08-06 04:00:00",374,0,0.017,0,0,0.738,287.1,1.625,7.95,10.23333,1022.014,-0.02,0,98.4,7.3,0,2.217,0,"013CAMPBELLCLIM50535VUE-500004413",0,5.344,7.291,-2.581,-69.74,-69.74,6.127,6.123,0.37,0.483
"2025-08-06 05:00:00",375,0,0,0,0,0.2,165.4,0.418,6.233,9.466667,1021.748,-0.024,0,99.2,5.3,0,2.283,0,"013CAMPBELLCLIM50535VUE-500004413",0,3.296,5.295,-3.334,-59.83,-59.83,5.638,5.636,0.369,0.483
"2025-08-06 06:00:00",376,0,0.017,0,0,0.195,101,0.45,5.433,8.75,1021.264,-0.024,0,96.3,4.8,-0.017,2.233,0,"013CAMPBELLCLIM50535VUE-500004413",0,2.937,4.323,-3.956,-59.56,-59.56,4.524,4.523,0.369,0.483
"2025-08-06 07:00:00",377,0,0.017,0,0,0.225,209.2,0.445,5.667,8.75,1021.081,-0.023,0,93.3,5.3,-0.083,2.3,0,"013CAMPBELLCLIM50535VUE-500004413",0,3.433,4.581,-4.597,-52.67,-52.67,4.12,4.12,0.369,0.483
"2025-08-06 08:00:00",378,4.333,0.017,0,0,0.277,161.1,0.73,5.867,9.083333,1021.631,0.003,0.489,95.8,5.3,-0.067,2.25,0.0156,"013CAMPBELLCLIM50535VUE-500004413",0,3.912,5.242,-5.219,-54.17,-54.17,4.285,4.288,0.368,0.483
"2025-08-06 09:00:00",379,76.17,0.017,0,0,0.242,228.9,0.52,7.15,9.95,1021.764,0.04,1.136,100,8.5,0,2.3,0.2742,"013CAMPBELLCLIM50535VUE-500004413",0,6.222,6.655,-5.744,28.87,28.87,5.046,5.051,0.368,0.483
"2025-08-06 10:00:00",380,234,0,0,0,0.958,278.6,2.177,10.97,12.95,1021.681,0.111,1.667,95.7,13,0.083,2.283,0.8424,"013CAMPBELLCLIM50535VUE-500004413",0,10.84,10.31,-6.112,227,227,8.23,8.22,0.368,0.483
"2025-08-06 11:00:00",381,330,0,0,0,1.17,235.7,2.628,13.32,12.75,1021.781,0.177,2.051,79.7,16.4,0.067,2.267,1.188,"013CAMPBELLCLIM50535VUE-500004413",0,16.62,14.06,-6.116,323.5,323.5,12.31,12.3,0.368,0.483
"2025-08-06 12:00:00",382,384.3,0,0,0,0.628,147.5,1.77,16.48,13,1021.881,0.229,2.226,65.1,20,0.133,2.267,1.3836,"013CAMPBELLCLIM50535VUE-500004413",0,21.91,18.56,-5.489,338.7,338.7,16.72,16.72,0.368,0.483
"2025-08-06 13:00:00",383,434,0,0,0,0.662,316.1,1.865,18.58,12.8,1021.381,0.267,2.185,55,22.2,0.167,2.3,1.5624,"013CAMPBELLCLIM50535VUE-500004413",0,24.91,22.03,-4.123,404.9,404.9,20.1,20.1,0.368,0.483
"2025-08-06 14:00:00",384,440.7,0,0,0,0.735,313.5,1.83,20.18,12.18333,1020.681,0.274,1.93,49.5,23.8,0.167,2.167,1.5864,"013CAMPBELLCLIM50535VUE-500004413",0,26.49,23.68,-2.156,357.4,357.4,22.73,22.73,0.368,0.483
"2025-08-06 15:00:00",385,381.2,0,0,0,0.713,308,1.9,21.07,11.86667,1020.031,0.228,1.478,45.6,24.5,0.283,2.283,1.3722,"013CAMPBELLCLIM50535VUE-500004413",0,26.65,24.33,0.182,300.6,300.6,23.94,23.93,0.368,0.483
"2025-08-06 16:00:00",386,331.7,0,0,0,0.847,211.3,2.153,21.73,11.06667,1019.498,0.194,0.882,41.1,24.1,0.233,2.233,1.194,"013CAMPBELLCLIM50535VUE-500004413",0,25.9,24.96,2.489,214.6,214.6,25.21,25.22,0.368,0.483
"2025-08-06 17:00:00",387,222.2,0,0,0,0.863,136.9,2.327,21.5,10.58333,1019.481,0.119,0.244,41.6,23.5,0.3,2.217,0.7998,"013CAMPBELLCLIM50535VUE-500004413",0,23.88,24.1,4.501,96,96,24.89,24.89,0.369,0.483
"2025-08-06 18:00:00",388,74.67,0,0,0,0.66,147.7,2.04,20.62,11.5,1019.398,0.018,0,52.6,20.3,0.317,2.233,0.2688,"013CAMPBELLCLIM50535VUE-500004413",0,18.55,21.49,5.893,-26.83,-26.83,23.56,23.56,0.369,0.483
"2025-08-06 19:00:00",389,1.167,0,0,0,0.513,132.5,1.347,16.87,11.26667,1019.998,-0.014,0,61.8,15.4,0.183,2.267,0.0042,"013CAMPBELLCLIM50535VUE-500004413",0,12.36,16.03,6.442,-82.8,-82.8,19.51,19.51,0.37,0.483
"2025-08-06 20:00:00",390,0,0,0,0,0.24,26.5,0.652,13.43,10.75,1019.964,-0.023,0,77.9,12.1,0.017,2.283,0,"013CAMPBELLCLIM50535VUE-500004413",0,9.1,11.92,6.17,-72.08,-72.08,15.32,15.31,0.37,0.483
"2025-08-06 21:00:00",391,0,0,0,0,0.327,87.6,0.858,11.53,10.68333,1020.114,-0.021,0,76.4,10.9,0,2.283,0,"013CAMPBELLCLIM50535VUE-500004413",0,8.14,9.76,5.198,-70.76,-70.76,12.05,12.05,0.37,0.483
"2025-08-06 22:00:00",392,0,0,0,0,0.242,158.3,0.562,10.07,10.66667,1020.198,-0.023,0,89.2,9.1,0.017,2.317,0,"013CAMPBELLCLIM50535VUE-500004413",0,6.716,8.79,3.901,-65.84,-65.84,10.16,10.16,0.37,0.483
"2025-08-06 23:00:00",393,0,0,0,0,0.188,200.4,0.47,8.83,10.43333,1020.164,-0.023,0,94.4,7.8,0.05,2.283,0,"013CAMPBELLCLIM50535VUE-500004413",0,5.763,7.361,2.584,-62.98,-62.98,8.47,8.47,0.37,0.483
"2025-08-07 00:00:00",394,0,0,0,0,0.398,284.9,0.968,9.22,10.56667,1020.131,-0.02,0,93.3,8.4,-0.083,2.367,0,"013CAMPBELLCLIM50535VUE-500004413",0,6.389,7.767,1.313,-70.99,-70.99,7.562,7.559,0.37,0.483
"2025-08-07 01:00:00",395,0,0,0,0,0.852,303.3,1.805,10.4,11.05,1020.014,-0.015,0,89.3,9.7,0,2.333,0,"013CAMPBELLCLIM50535VUE-500004413",0,7.548,9.76,0.139,-74.43,-74.43,7.855,7.859,0.369,0.483
"2025-08-07 02:00:00",396,0,0,0,0,0.222,101.2,0.443,8.12,10.35,1019.714,-0.022,0,96.6,7.1,-0.017,2.25,0,"013CAMPBELLCLIM50535VUE-500004413",0,4.569,7.316,-0.855,-64.74,-64.74,7.282,7.281,0.369,0.483
"2025-08-07 03:00:00",397,0,0,0,0,0.193,157.1,0.427,6.717,9.466666,1019.248,-0.022,0,96.7,6,0.033,2.3,0,"013CAMPBELLCLIM50535VUE-500004413",0,3.991,5.536,-1.675,-61.59,-61.59,5.989,5.99,0.369,0.483
"2025-08-07 04:00:00",398,0,0,0,0,0.428,258,0.963,6.633,9.383333,1018.798,-0.02,0,93,6.5,-0.017,2.3,0,"013CAMPBELLCLIM50535VUE-500004413",0,4.098,5.599,-2.5,-65.56,-65.56,5.304,5.301,0.368,0.483
"2025-08-07 05:00:00",399,0,0,0,0,0.253,312.8,0.663,6.517,9.55,1018.681,-0.021,0,97.4,5.5,-0.017,2.217,0,"013CAMPBELLCLIM50535VUE-500004413",0,3.462,5.507,-3.321,-63.15,-63.15,5.294,5.294,0.368,0.483
"2025-08-07 06:00:00",400,0,0.017,0,0,0.308,291.2,0.62,6.2,9.083334,1018.648,-0.021,0,97.5,5.5,-0.033,2.25,0,"013CAMPBELLCLIM50535VUE-500004413",0,3.379,5.091,-4.046,-65.92,-65.92,4.652,4.65,0.368,0.483
"2025-08-07 07:00:00",401,0,0.017,0,0,0.158,243.4,0.315,4.867,8.566667,1018.498,-0.021,0,98.1,4.1,-0.067,2.283,0,"013CAMPBELLCLIM50535VUE-500004413",0,2.293,3.823,-4.704,-60.99,-60.99,3.992,3.99,0.367,0.483
"2025-08-07 08:00:00",402,4.167,0.017,0,0,0.16,26.2,0.377,4.233,8.1,1018.581,0.003,0.504,96.9,3.7,0,2.35,0.015,"013CAMPBELLCLIM50535VUE-500004413",0,2.218,3.089,-5.335,-49.05,-49.05,3.201,3.2,0.367,0.483
"2025-08-07 09:00:00",403,78.17,0,0,0,0.17,289.3,0.345,5.867,9.1,1018.998,0.04,1.156,100,7.8,0,2.333,0.2814,"013CAMPBELLCLIM50535VUE-500004413",0,5.205,4.948,-5.938,26.03,26.03,3.666,3.669,0.367,0.483
"2025-08-07 10:00:00",404,205.7,0.017,0,0,0.583,316,1.293,10.08,12.35,1019.231,0.101,1.688,99.7,12.5,0.033,2.267,0.7404,"013CAMPBELLCLIM50535VUE-500004413",0,10.09,9.33,-6.418,217.7,217.7,7.19,7.188,0.367,0.483
"2025-08-07 11:00:00",405,322.5,0,0,0,0.975,259,2.2,12.72,13.13333,1019.164,0.168,2.064,85.6,15.7,0.083,2.317,1.161,"013CAMPBELLCLIM50535VUE-500004413",0,15.98,13.12,-6.528,315.2,315.2,11.44,11.44,0.367,0.483
"2025-08-07 12:00:00",406,420.2,0,0,0,0.892,220.9,2.107,14.6,13.1,1018.714,0.233,2.242,74.6,18.1,0.15,2.317,1.5126,"013CAMPBELLCLIM50535VUE-500004413",0,20.27,16.45,-5.96,403,403,15.41,15.4,0.366,0.483
"2025-08-07 13:00:00",407,475.2,0,0,0,0.88,224.2,2.172,16.78,13.05,1018.181,0.276,2.198,63.7,20.3,0.1,2.117,1.7106,"013CAMPBELLCLIM50535VUE-500004413",0,24.02,20.09,-4.611,431.2,431.2,18.83,18.83,0.366,0.483
"2025-08-07 14:00:00",408,474,0,0,0,0.808,12.6,1.728,18.58,12.4,1017.864,0.282,1.943,56.1,22.3,0.1,2.217,1.7064,"013CAMPBELLCLIM50535VUE-500004413",0,25.93,22.32,-2.612,409.6,409.6,21.35,21.35,0.366,0.483
"2025-08-07 15:00:00",409,413.2,0,0,0,0.93,160.2,2.465,19.67,12.2,1017.648,0.241,1.489,51.8,22.7,0.183,2.2,1.4874,"013CAMPBELLCLIM50535VUE-500004413",0,25.62,23.18,-0.208,309.3,309.3,23.09,23.09,0.367,0.483
"2025-08-07 16:00:00",410,311.5,0,0,0,0.857,169.4,2.258,20.02,12.4,1017.081,0.173,0.888,53.2,22.3,0.2,2.233,1.1214,"013CAMPBELLCLIM50535VUE-500004413",0,23.98,22.8,2.206,192.2,192.2,23.71,23.7,0.367,0.483
"2025-08-07 17:00:00",411,187.3,0,0,0,0.823,205.7,2.25,19.68,12.16667,1016.898,0.088,0.25,53.1,21,0.267,2.217,0.6744,"013CAMPBELLCLIM50535VUE-500004413",0,20.64,21.74,4.215,54.36,54.36,23.11,23.11,0.367,0.483
"2025-08-07 18:00:00",412,57.33,0,0,0,0.887,52.7,2.39,17.52,12.18333,1017.681,0.01,0,68.3,17,0.2,2.217,0.2064,"013CAMPBELLCLIM50535VUE-500004413",0,14.86,17.86,5.502,-48.79,-48.79,20.75,20.75,0.368,0.483
"2025-08-07 19:00:00",413,1.167,0,0,0,0.573,72.1,1.468,15.03,12.25,1018.114,-0.018,0,75.2,14.2,0.083,2.333,0.0042,"013CAMPBELLCLIM50535VUE-500004413",0,11.06,13.97,5.862,-82,-82,16.82,16.82,0.368,0.483
"2025-08-07 20:00:00",414,0,0,0,0,0.292,165.6,0.76,12.75,11.98333,1018.631,-0.025,0,85.3,11.6,0.067,2.283,0,"013CAMPBELLCLIM50535VUE-500004413",0,8.95,11.46,5.362,-73.05,-73.05,13.77,13.78,0.368,0.483
"2025-08-07 21:00:00",415,0,0,0,0,0.243,145.5,0.643,10.77,11.55,1018.898,-0.025,0,91.7,9.8,0.05,2.217,0,"013CAMPBELLCLIM50535VUE-500004413",0,7.63,9.44,4.329,-64.5,-64.5,11.29,11.29,0.368,0.483
"2025-08-07 22:00:00",416,0,0,0,0,0.183,145.2,0.388,9.33,11.1,1018.914,-0.026,0,96,8.5,0.083,2.267,0,"013CAMPBELLCLIM50535VUE-500004413",0,6.572,8.06,3.088,-61.17,-61.17,9.41,9.42,0.368,0.483
"2025-08-07 23:00:00",417,0,0,0,0,0.322,24,0.682,9.42,11.03333,1018.848,-0.024,0,97.2,8.9,0,2.267,0,"013CAMPBELLCLIM50535VUE-500004413",0,6.615,8.13,1.82,-66.13,-66.13,8.28,8.27,0.367,0.483
"2025-08-08 00:00:00",418,0,0,0,0,0.222,21.6,0.453,8.18,10.65,1018.964,-0.025,0,98.4,7.4,0.033,2.25,0,"013CAMPBELLCLIM50535VUE-500004413",0,5.24,7.022,0.62,-63.62,-63.62,7.492,7.493,0.367,0.483
"2025-08-08 01:00:00",419,0,0,0,0,0.148,334.4,0.32,7.067,9.916667,1018.814,-0.025,0,97.9,6.3,0.017,2.283,0,"013CAMPBELLCLIM50535VUE-500004413",0,4.386,5.895,-0.475,-62.57,-62.57,6.43,6.43,0.367,0.483
"2025-08-08 02:00:00",420,0,0,0,0,0.23,246.4,0.548,6.65,9.416666,1018.314,-0.024,0,91.7,5.9,0.067,2.317,0,"013CAMPBELLCLIM50535VUE-500004413",0,4.067,5.255,-1.493,-64.41,-64.41,5.512,5.516,0.367,0.483
"2025-08-08 03:00:00",421,0,0,0,0,0.282,155.5,0.567,6.733,9.616667,1017.864,-0.023,0,99.5,5.8,-0.067,2.317,0,"013CAMPBELLCLIM50535VUE-500004413",0,3.765,5.855,-2.448,-65.35,-65.35,5.41,5.404,0.366,0.482
"2025-08-08 04:00:00",422,0,0.017,0,0,0.187,187.7,0.455,5.717,9,1017.548,-0.024,0,99,5.2,-0.083,2.3,0,"013CAMPBELLCLIM50535VUE-500004413",0,3.24,4.747,-3.317,-63.14,-63.14,4.666,4.67,0.366,0.482
"2025-08-08 05:00:00",423,0,0.017,0,0,0.155,210.7,0.332,5.033,8.566667,1017.381,-0.024,0,98.4,4.3,-0.033,2.267,0,"013CAMPBELLCLIM50535VUE-500004413",0,2.311,3.827,-4.111,-63.1,-63.1,3.927,3.927,0.366,0.482
"2025-08-08 06:00:00",424,0,0.017,0,0,0.177,258.6,0.355,4.183,8.083333,1017.298,-0.023,0,98.4,3.5,-0.033,2.283,0,"013CAMPBELLCLIM50535VUE-500004413",0,1.659,3.085,-4.852,-59.93,-59.93,3.141,3.144,0.365,0.482
"2025-08-08 07:00:00",425,0,0.017,0,0,0.467,280.3,1.082,5.7,8.616667,1017.331,-0.021,0,98.7,5.3,-0.05,2.3,0,"013CAMPBELLCLIM50535VUE-500004413",0,3.144,4.978,-5.557,-74.2,-74.2,3.277,3.271,0.365,0.482
"2025-08-08 08:00:00",426,4.5,0.017,0,0,0.198,180.5,0.41,4.567,8.366667,1017.548,0.003,0.516,99.7,3.7,0.033,2.317,0.0162,"013CAMPBELLCLIM50535VUE-500004413",0,1.77,3.559,-6.195,-57.63,-57.63,3.233,3.231,0.365,0.482
"2025-08-08 09:00:00",427,89.2,0.017,0,0,0.228,200,0.623,5.75,9.033333,1017.664,0.044,1.172,100,7.7,-0.05,2.317,0.321,"013CAMPBELLCLIM50535VUE-500004413",0,4.745,4.988,-6.726,23.85,23.85,3.557,3.56,0.364,0.483
"2025-08-08 10:00:00",428,227.3,0,0,0,0.37,315.9,0.982,9.85,12.18333,1017.814,0.111,1.705,100,12.5,-0.05,2.317,0.8184,"013CAMPBELLCLIM50535VUE-500004413",0,9.85,9.59,-7.154,217.3,217.3,7.323,7.32,0.364,0.483
"2025-08-08 11:00:00",429,350.3,0,0,0,0.622,343.1,1.53,13.6,13.68333,1017.631,0.189,2.077,77,17,0.05,2.3,1.2612,"013CAMPBELLCLIM50535VUE-500004413",0,17.77,13.84,-7.232,332.5,332.5,12.3,12.3,0.364,0.483
"2025-08-08 12:00:00",430,445.3,0,0,0,0.702,268.4,1.595,16.83,12.86667,1017.198,0.263,2.261,63.1,20.5,0.15,2.233,1.6032,"013CAMPBELLCLIM50535VUE-500004413",0,22.58,18.86,-6.6,417,417,17.33,17.33,0.364,0.483
"2025-08-08 13:00:00",431,504.3,0,0,0,0.7,41.6,1.643,19.68,12.28333,1016.581,0.314,2.222,48.2,23.4,0.167,2.25,1.8156,"013CAMPBELLCLIM50535VUE-500004413",0,26.57,23.5,-5.086,446.4,446.4,21.15,21.15,0.364,0.483
"2025-08-08 14:00:00",432,496,0,0,0,0.727,68.3,1.955,21.73,11.31667,1015.731,0.314,1.967,37.7,25.1,0.25,2.15,1.7856,"013CAMPBELLCLIM50535VUE-500004413",0,28.51,25.74,-2.849,405.9,405.9,24.1,24.1,0.364,0.483
"2025-08-08 15:00:00",433,427,0,0,0,0.685,147.1,1.753,23.3,10.78333,1015.148,0.262,1.513,38.3,26.5,0.283,2.2,1.5372,"013CAMPBELLCLIM50535VUE-500004413",0,29.22,27.42,-0.17,306.2,306.2,26.12,26.12,0.364,0.483
"2025-08-08 16:00:00",434,315.8,0,0,0,0.775,158.1,2.277,23.5,10.75,1014.881,0.187,0.907,37.3,25.9,0.317,2.133,1.137,"013CAMPBELLCLIM50535VUE-500004413",0,26.33,26.42,2.506,176,176,26.82,26.81,0.365,0.483
"2025-08-08 17:00:00",435,188.8,0,0,0,0.625,134.9,1.788,23.2,11.4,1014.948,0.09,0.259,42.2,24.4,0.267,2.083,0.6798,"013CAMPBELLCLIM50535VUE-500004413",0,23.34,25.36,4.71,42.7,42.7,26.13,26.14,0.365,0.483
"2025-08-08 18:00:00",436,54.67,0,0,0,0.417,35.6,0.962,20.27,12.25,1015.281,-0.001,0,62.2,19.3,0.25,2.25,0.1968,"013CAMPBELLCLIM50535VUE-500004413",0,15.84,21.08,6.086,-59.55,-59.55,23.55,23.55,0.366,0.483
"2025-08-08 19:00:00",437,0.833,0,0,0,0.16,113.4,0.39,14.2,12.35,1015.614,-0.028,0,83.8,12.5,0.1,2.333,0.003,"013CAMPBELLCLIM50535VUE-500004413",0,9.05,12.76,6.467,-82,-82,17.9,17.9,0.365,0.483
"2025-08-08 20:00:00",438,0,0,0,0,0.173,105.1,0.362,11.08,11.66667,1015.514,-0.027,0,91.4,10,0.017,2.267,0,"013CAMPBELLCLIM50535VUE-500004413",0,7.443,9.35,5.836,-72.98,-72.98,13.21,13.21,0.365,0.483
"2025-08-08 21:00:00",439,0,0,0,0,0.183,13.7,0.507,9.75,11.15,1015.514,-0.026,0,94.6,8.7,0.017,2.317,0,"013CAMPBELLCLIM50535VUE-500004413",0,6.362,8.13,4.546,-71.17,-71.17,10.36,10.36,0.365,0.483
"2025-08-08 22:00:00",440,0,0,0,0,0.17,176.7,0.382,8.52,10.65,1015.498,-0.026,0,96.9,7.6,-0.017,2.217,0,"013CAMPBELLCLIM50535VUE-500004413",0,5.372,7.12,3.066,-67,-67,8.47,8.47,0.364,0.482
"2025-08-08 23:00:00",441,0,0,0,0,0.242,157.3,0.633,7.85,10.25,1015.731,-0.024,0,95.3,7.3,0.017,2.217,0,"013CAMPBELLCLIM50535VUE-500004413",0,5.267,6.73,1.629,-64.43,-64.43,7.186,7.185,0.364,0.482
"2025-08-09 00:00:00",442,0,0,0,0,0.205,134,0.537,7.817,10.3,1015.848,-0.025,0,97.2,7,0,2.3,0,"013CAMPBELLCLIM50535VUE-500004413",0,4.822,6.65,0.301,-68.41,-68.41,6.584,6.583,0.364,0.482
"2025-08-09 01:00:00",443,0,0,0,0,0.177,159.1,0.383,6.983,9.8,1015.748,-0.025,0,97.5,6.2,0.017,2.283,0,"013CAMPBELLCLIM50535VUE-500004413",0,4.09,5.867,-0.885,-66.07,-66.07,5.915,5.916,0.364,0.482
"2025-08-09 02:00:00",444,0,0.017,0,0,0.308,108.2,0.872,7.133,9.716666,1015.864,-0.023,0,96.6,7,-0.083,2.267,0,"013CAMPBELLCLIM50535VUE-500004413",0,5.597,6.249,-1.952,-40.86,-40.86,5.561,5.56,0.363,0.482
"2025-08-09 03:00:00",445,0,0.017,0,0,0.522,141.8,1.38,8.1,10.71667,1016.381,-0.022,0,100,8.3,0.067,2.317,0,"013CAMPBELLCLIM50535VUE-500004413",0,8.18,7.969,-2.902,-4.518,-4.518,6.856,6.86,0.363,0.482
"2025-08-09 04:00:00",446,0,0.017,0,0,0.683,126.1,1.8,8.15,10.83333,1016.398,-0.021,0,100,8.3,0.083,2.3,0,"013CAMPBELLCLIM50535VUE-500004413",0,8.3,8.07,-3.523,-5.478,-5.478,7.676,7.673,0.363,0.482
"2025-08-09 05:00:00",447,0,0.017,0,0,0.593,173.4,1.497,8.17,10.85,1016.698,-0.022,0,100,8.2,0.05,2.25,0,"013CAMPBELLCLIM50535VUE-500004413",0,8.29,8.06,-3.734,-6.123,-6.123,8.04,8.03,0.362,0.482
"2025-08-09 06:00:00",448,0,0,0,0,0.68,150,2.002,8.02,10.71667,1017.498,-0.021,0,100,8,0.083,2.267,0,"013CAMPBELLCLIM50535VUE-500004413",0,8.08,7.876,-3.75,-6.359,-6.359,8.12,8.13,0.362,0.482
"2025-08-09 07:00:00",449,0,0.034,0,0,0.36,130.1,1.397,7.983,10.71667,1018.164,-0.024,0,100,8.1,0.05,2.25,0,"013CAMPBELLCLIM50535VUE-500004413",0,8.14,7.863,-3.719,-8.14,-8.14,8.13,8.13,0.362,0.482
"2025-08-09 08:00:00",450,0.5,0.034,0,0,0.265,184.4,0.685,7.917,10.7,1018.581,0.001,0.522,100,8,0.05,2.283,0.0018,"013CAMPBELLCLIM50535VUE-500004413",0,8.08,7.804,-3.688,-7.176,-7.176,8.12,8.12,0.362,0.482
"2025-08-09 09:00:00",451,9.83,0.017,0,0,0.26,154.3,0.773,8.05,10.76667,1019.214,0.006,1.177,100,8.3,0.017,2.217,0.0354,"013CAMPBELLCLIM50535VUE-500004413",0,8.45,7.989,-3.657,4.435,4.435,8.19,8.19,0.362,0.482
"2025-08-09 10:00:00",452,37.83,0.034,0,0,0.263,120.8,0.747,8.15,10.83333,1019.698,0.021,1.733,100,8.6,0.05,2.217,0.1362,"013CAMPBELLCLIM50535VUE-500004413",0,9.09,8.28,-3.613,31.35,31.35,8.41,8.41,0.361,0.482
"2025-08-09 11:00:00",453,48,0,0,0,0.398,105.7,0.967,8.62,11.13333,1020.114,0.026,2.117,99.1,8.9,0.1,2.3,0.1728,"013CAMPBELLCLIM50535VUE-500004413",0,9.53,8.58,-3.509,50.26,50.26,8.79,8.79,0.361,0.483
"2025-08-09 12:00:00",454,54.83,0,0,0,0.375,165.2,1.108,9,11.21667,1020.564,0.031,2.294,97.1,9.6,-0.05,2.217,0.1974,"013CAMPBELLCLIM50535VUE-500004413",0,10.18,9.3,-3.299,47.03,47.03,9.22,9.22,0.361,0.483
"2025-08-09 13:00:00",455,70.33,0,0,0,0.563,294.2,1.392,9.53,11.18333,1020.348,0.04,2.25,92.6,10.2,-0.033,2.267,0.2532,"013CAMPBELLCLIM50535VUE-500004413",0,10.76,10.2,-3.024,56.18,56.18,9.94,9.94,0.361,0.483
"2025-08-09 14:00:00",456,62.67,0,0,0,0.63,276.4,1.627,9.73,11.25,1020.281,0.037,1.984,93.1,10.4,0.15,2.317,0.2256,"013CAMPBELLCLIM50535VUE-500004413",0,10.76,10.15,-2.693,54.08,54.08,10.34,10.34,0.361,0.483
"2025-08-09 15:00:00",457,75.83,0,0,0,0.667,303.1,1.612,10.05,11.35,1020.531,0.045,1.523,92.1,10.9,0.083,2.283,0.273,"013CAMPBELLCLIM50535VUE-500004413",0,11.41,10.61,-2.382,73.22,73.22,10.77,10.77,0.361,0.483
"2025-08-09 16:00:00",458,69,0,0,0,0.755,291.8,1.913,10.33,11.38333,1020.381,0.041,0.916,90.3,11,0.1,2.35,0.2484,"013CAMPBELLCLIM50535VUE-500004413",0,11.44,10.8,-2.106,54.92,54.92,11.17,11.16,0.361,0.483
"2025-08-09 17:00:00",459,30.33,0,0,0,0.567,282.5,1.393,10.45,11.15,1020.664,0.011,0.267,87.7,10.7,0.133,2.267,0.1092,"013CAMPBELLCLIM50535VUE-500004413",0,10.74,10.65,-1.828,12.92,12.92,11.15,11.15,0.361,0.483
"2025-08-09 18:00:00",460,7.333,0,0,0,0.377,245.2,0.992,10.35,10.91667,1021.464,0.005,0,87.2,10.4,0.133,2.333,0.0264,"013CAMPBELLCLIM50535VUE-500004413",0,10.19,10.28,-1.626,-7.659,-7.659,10.83,10.83,0.361,0.482
"2025-08-09 19:00:00",461,0.167,0,0,0,0.497,317.8,1.278,10.35,10.85,1021.598,0.004,0,86,10.3,0.05,2.267,0.0006,"013CAMPBELLCLIM50535VUE-500004413",0,9.95,10.14,-1.565,-12.97,-12.97,10.53,10.53,0.361,0.482
"2025-08-09 20:00:00",462,0,0,0,0,0.295,28.8,0.818,10.22,10.78333,1021.898,0.003,0,87.7,10.1,0.05,2.317,0,"013CAMPBELLCLIM50535VUE-500004413",0,9.76,9.99,-1.647,-12.6,-12.6,10.32,10.32,0.361,0.482
"2025-08-09 21:00:00",463,0,0,0,0,0.18,178.2,0.42,9.83,11.05,1022.331,0.001,0,90.6,9.8,0.05,2.217,0,"013CAMPBELLCLIM50535VUE-500004413",0,9.44,9.56,-1.789,-13.36,-13.36,10.05,10.05,0.361,0.482
"2025-08-09 22:00:00",464,0,0,0,0,0.283,23.1,0.772,9.83,10.73333,1022.548,0.002,0,87.2,9.7,0.05,2.267,0,"013CAMPBELLCLIM50535VUE-500004413",0,9.3,9.45,-1.956,-15.31,-15.31,9.81,9.81,0.361,0.482
"2025-08-09 23:00:00",465,0,0,0,0,0.212,239.8,0.495,9.53,10.76667,1022.848,0.001,0,93.2,9.2,0.05,2.3,0,"013CAMPBELLCLIM50535VUE-500004413",0,8.27,9.11,-2.122,-30.05,-30.05,9.55,9.54,0.36,0.482
"2025-08-10 00:00:00",466,0,0,0,0,0.257,292.4,0.685,8.57,10.21667,1022.814,0.001,0,89.9,8.2,0.05,2.267,0,"013CAMPBELLCLIM50535VUE-500004413",0,7.151,7.741,-2.298,-40.15,-40.15,8.63,8.63,0.36,0.482
"2025-08-10 01:00:00",467,0,0,0,0,0.225,168.5,0.555,7.15,9.383333,1022.348,0.001,0,95.5,5.7,0,2.267,0,"013CAMPBELLCLIM50535VUE-500004413",0,3.151,5.776,-2.577,-81.2,-81.2,7.093,7.089,0.36,0.482
"2025-08-10 02:00:00",468,0,0,0,0,0.293,243.1,0.695,5.15,8.5,1021.981,0.001,0,98,4.2,-0.1,2.267,0,"013CAMPBELLCLIM50535VUE-500004413",0,1.717,3.934,-3.045,-76.33,-76.33,4.974,4.975,0.36,0.482
"2025-08-10 03:00:00",469,0,0,0,0,0.262,276.8,0.472,4.05,7.833333,1021.014,0.001,0,91.2,3,-0.067,2.25,0,"013CAMPBELLCLIM50535VUE-500004413",0,0.944,2.639,-3.805,-75.09,-75.09,3.401,3.402,0.36,0.482
"2025-08-10 04:00:00",470,0,0,0,0,0.378,177.9,0.723,4.25,7.916667,1020.581,0.001,0,99.3,3.2,-0.05,2.233,0,"013CAMPBELLCLIM50535VUE-500004413",0,0.786,3.468,-4.719,-74.98,-74.98,2.777,2.779,0.36,0.482
"2025-08-10 05:00:00",471,0,0,0,0,0.183,202.8,0.375,2.95,7.416667,1020.748,0,0,98.3,2.3,0.017,2.25,0,"013CAMPBELLCLIM50535VUE-500004413",0,0.322,1.727,-5.632,-64.38,-64.38,1.911,1.912,0.359,0.482
"2025-08-10 06:00:00",472,0,0,0,0,0.168,237.4,0.358,2.55,7.133333,1021.181,0,0,97.5,1.9,-0.017,2.317,0,"013CAMPBELLCLIM50535VUE-500004413",0,0.436,1.205,-6.479,-55.69,-55.69,1.284,1.281,0.359,0.482
"2025-08-10 07:00:00",473,0,0,0,0,0.47,203.6,0.89,3.4,7.466667,1021.398,0.001,0.045,99,3.1,-0.033,2.267,0,"013CAMPBELLCLIM50535VUE-500004413",0,1.446,2.678,-7.219,-59.89,-59.89,1.483,1.481,0.358,0.482
"2025-08-10 08:00:00",474,3.833,0.017,0,0,0.263,257.5,0.737,2.833,7.366667,1021.698,0.002,0.546,97.7,2.2,-0.033,2.3,0.0138,"013CAMPBELLCLIM50535VUE-500004413",0,0.412,1.886,-7.804,-64.08,-64.08,1.501,1.505,0.358,0.482
"2025-08-10 09:00:00",475,86.5,0.017,0,0,0.547,278.4,1.233,4.233,8.083333,1022.131,0.04,1.211,100,5.8,-0.017,2.233,0.3114,"013CAMPBELLCLIM50535VUE-500004413",0,3.019,3.693,-8.25,39.76,39.76,2.08,2.078,0.358,0.482
"2025-08-10 10:00:00",476,215.8,0,0,0,0.992,298.8,2.255,7.183,10.11667,1022.664,0.093,1.756,100,9.3,0.1,2.333,0.777,"013CAMPBELLCLIM50535VUE-500004413",0,6.822,6.683,-8.61,217.4,217.4,5.201,5.198,0.358,0.483
"2025-08-10 11:00:00",477,351.7,0,0,0,1.203,291.4,2.558,9.55,10.78333,1022.764,0.164,2.138,84.7,12.6,0.017,2.35,1.266,"013CAMPBELLCLIM50535VUE-500004413",0,12.47,9.9,-8.67,367.2,367.2,8.92,8.92,0.358,0.483
"2025-08-10 12:00:00",478,449.2,0,0,0,0.895,172.4,2.118,12.45,11.31667,1022.181,0.235,2.31,74.9,16.2,0.167,2.2,1.617,"013CAMPBELLCLIM50535VUE-500004413",0,18.81,14.09,-8.11,425.6,425.6,13.07,13.07,0.357,0.483
"2025-08-10 13:00:00",479,501.3,0,0,0,0.692,219.8,1.713,15.58,11.48333,1021.548,0.284,2.263,58.6,19.8,0.217,2.35,1.8048,"013CAMPBELLCLIM50535VUE-500004413",0,22.71,18.69,-6.789,448.3,448.3,17.13,17.13,0.357,0.483
"2025-08-10 14:00:00",480,502,0,0,0,0.815,161,1.997,18.17,10.95,1020.964,0.296,2.002,47.5,22.2,0.233,2.167,1.8072,"013CAMPBELLCLIM50535VUE-500004413",0,25.34,21.86,-4.739,449.5,449.5,20.56,20.56,0.357,0.483
"2025-08-10 15:00:00",481,477.7,0,0,0,1.032,167,2.897,19.8,9.333334,1020.498,0.289,1.552,37.4,22.9,0.217,2.233,1.7196,"013CAMPBELLCLIM50535VUE-500004413",0,26.82,23.48,-2.228,374.1,374.1,23.08,23.08,0.358,0.483
"2025-08-10 16:00:00",482,305.7,0,0,0,0.848,167.2,2.083,19.98,8.816667,1020.248,0.17,0.941,38.4,22.3,0.2,2.167,1.1004,"013CAMPBELLCLIM50535VUE-500004413",0,22.77,22.76,0.363,155.5,155.5,23.76,23.76,0.358,0.483
"2025-08-10 17:00:00",483,100.3,0,0,0,0.445,260.3,1.205,18.82,9.033333,1020.414,0.013,0.278,46.2,19.2,0.15,2.3,0.3612,"013CAMPBELLCLIM50535VUE-500004413",0,18.23,19.51,2.562,20.12,20.12,22.07,22.07,0.359,0.482
"2025-08-10 18:00:00",484,30.17,0,0,0,0.23,65.8,0.605,16.82,10.66667,1020.664,-0.017,0,64.4,16.3,0.167,2.25,0.1086,"013CAMPBELLCLIM50535VUE-500004413",0,14.77,16.86,3.89,-26.8,-26.8,19.37,19.37,0.359,0.482
"2025-08-10 19:00:00",485,0.5,0,0,0,0.267,143.2,0.622,14.63,11.15,1021.131,-0.026,0,69.7,14.1,0.133,2.333,0.0018,"013CAMPBELLCLIM50535VUE-500004413",0,12.14,13.79,4.273,-41.58,-41.58,16.48,16.48,0.359,0.482
"2025-08-10 20:00:00",486,0,0,0,0,0.222,126.8,0.498,12.92,11.21667,1020.931,-0.026,0,79,12.3,0.1,2.25,0,"013CAMPBELLCLIM50535VUE-500004413",0,10.64,11.94,3.952,-41.5,-41.5,14.1,14.1,0.36,0.482
"2025-08-10 21:00:00",487,0,0,0,0,0.34,174.3,0.827,12.17,11.26667,1021.331,-0.024,0,74.6,12,0.1,2.3,0,"013CAMPBELLCLIM50535VUE-500004413",0,10.39,11.18,3.224,-41.02,-41.02,12.5,12.5,0.36,0.482
"2025-08-10 22:00:00",488,0,0,0,0,0.315,322.8,0.643,10.73,10.55,1021.448,-0.024,0,85.3,9.1,0.1,2.25,0,"013CAMPBELLCLIM50535VUE-500004413",0,6.299,9.54,2.373,-76.68,-76.68,10.88,10.87,0.359,0.482
"2025-08-10 23:00:00",489,0,0,0,0,0.422,262.7,1.033,9.58,10.03333,1021.514,-0.022,0,87.6,8.5,0.033,2.267,0,"013CAMPBELLCLIM50535VUE-500004413",0,5.613,8.36,1.474,-73.62,-73.62,8.75,8.75,0.359,0.482
"2025-08-11 00:00:00",490,0,0,0,0,0.45,152.7,0.983,8.5,9.733334,1021.514,-0.021,0,93.6,7.2,0.033,2.233,0,"013CAMPBELLCLIM50535VUE-500004413",0,4.597,7.499,0.401,-74.51,-74.51,7.514,7.513,0.359,0.482
"2025-08-11 01:00:00",491,0,0,0,0,0.217,87.4,0.488,6.033,8.883333,1021.064,-0.024,0,95.1,5.1,0.05,2.3,0,"013CAMPBELLCLIM50535VUE-500004413",0,2.934,4.774,-0.718,-68.24,-68.24,5.849,5.851,0.359,0.482
"2025-08-11 02:00:00",492,0,0,0,0,0.237,241.8,0.492,5.267,8.55,1020.598,-0.023,0,96.3,4.5,0.033,2.2,0,"013CAMPBELLCLIM50535VUE-500004413",0,2.485,4.119,-1.82,-64.96,-64.96,4.66,4.657,0.358,0.482
"2025-08-11 03:00:00",493,0,0,0,0,0.495,197.5,1.118,5.917,8.7,1020.131,-0.02,0,96.9,5.4,-0.05,2.4,0,"013CAMPBELLCLIM50535VUE-500004413",0,3.048,4.805,-2.891,-70.32,-70.32,4.118,4.118,0.358,0.482
"2025-08-11 04:00:00",494,0,0,0,0,0.252,79.1,0.567,4.8,8.5,1019.448,-0.023,0,97.1,3.9,0.05,2.233,0,"013CAMPBELLCLIM50535VUE-500004413",0,1.747,3.841,-3.864,-68.55,-68.55,3.751,3.749,0.358,0.482
"2025-08-11 05:00:00",495,0,0.017,0,0,0.358,124.4,0.817,4.783,8.283333,1018.748,-0.021,0,99.2,4.3,-0.117,2.267,0,"013CAMPBELLCLIM50535VUE-500004413",0,1.982,3.929,-4.71,-69.79,-69.79,3.282,3.284,0.358,0.482
"2025-08-11 06:00:00",496,0,0.017,0,0,0.487,290.7,1.097,4.867,8.25,1018.214,-0.02,0,95.4,4.6,-0.017,2.367,0,"013CAMPBELLCLIM50535VUE-500004413",0,2.283,3.964,-5.471,-68.19,-68.19,3.082,3.078,0.357,0.482
"2025-08-11 07:00:00",497,0,0.017,0,0,0.685,17.2,1.342,5.117,8.433333,1018.031,0.002,0.049,96.2,4,-0.033,2.333,0,"013CAMPBELLCLIM50535VUE-500004413",0,2.13,4.265,-6.133,-71.37,-71.37,3.353,3.359,0.357,0.482
"2025-08-11 08:00:00",498,6.333,0.017,0,0,0.357,133.7,1.022,4.267,8.033334,1017.948,0.004,0.558,96.5,3.8,-0.1,2.317,0.0228,"013CAMPBELLCLIM50535VUE-500004413",0,1.908,3.546,-6.668,-58.45,-58.45,2.938,2.938,0.357,0.482
"2025-08-11 09:00:00",499,88.2,0.017,0,0,0.352,310,0.877,6.317,9.283333,1018.148,0.045,1.219,97,8,0,2.267,0.3174,"013CAMPBELLCLIM50535VUE-500004413",0,4.875,5.099,-7.126,44.24,44.24,3.915,3.914,0.356,0.482
"2025-08-11 10:00:00",500,211.5,0,0,0,0.75,274.4,1.933,10.42,10.8,1018.531,0.11,1.768,80.2,12.8,0.017,2.183,0.7614,"013CAMPBELLCLIM50535VUE-500004413",0,10.1,9.6,-7.466,215,215,7.329,7.327,0.356,0.482
"2025-08-11 11:00:00",501,311.8,0,0,0,1.032,301.4,2.522,13.03,11.1,1018.648,0.175,2.153,68.7,16.3,0.15,2.267,1.1226,"013CAMPBELLCLIM50535VUE-500004413",0,15.98,13.57,-7.46,299,299,11.5,11.5,0.356,0.482
"2025-08-11 12:00:00",502,448.2,0,0,0,0.822,58.8,1.8,16.95,11.1,1018.581,0.271,2.331,49.8,21,0.2,2.267,1.6134,"013CAMPBELLCLIM50535VUE-500004413",0,23.65,19.2,-6.859,433.9,433.9,16.58,16.58,0.356,0.482
"2025-08-11 13:00:00",503,495.8,0,0,0,0.77,328.6,1.74,20.47,10.21667,1017.848,0.32,2.293,38.2,24.4,0.25,2.2,1.785,"013CAMPBELLCLIM50535VUE-500004413",0,27.32,23.88,-5.456,454.1,454.1,21.27,21.27,0.356,0.482
"2025-08-11 14:00:00",504,491.7,0,0,0,0.702,276.8,1.793,22.58,10.03333,1017.214,0.318,2.026,35.4,26.3,0.283,2.3,1.77,"013CAMPBELLCLIM50535VUE-500004413",0,29.19,26.06,-3.221,397.9,397.9,24.6,24.6,0.356,0.482
"2025-08-11 15:00:00",505,376.7,0,0,0,0.63,297.2,1.617,24.1,9.583334,1016.648,0.241,1.564,31.4,27,0.333,2.117,1.356,"013CAMPBELLCLIM50535VUE-500004413",0,28.95,27.62,-0.491,291.4,291.4,26.84,26.83,0.356,0.482
"2025-08-11 16:00:00",506,291.8,0,0,0,0.622,325.7,1.393,24.32,9.266666,1016.564,0.164,0.951,31.6,26.8,0.283,2.267,1.0506,"013CAMPBELLCLIM50535VUE-500004413",0,27.01,27.08,2.243,161.9,161.9,27.29,27.29,0.357,0.482
"2025-08-11 17:00:00",507,117.3,0,0,0,0.502,316.7,1.195,23.48,9.95,1016.614,0.031,0.285,36.8,23.5,0.267,2.217,0.4224,"013CAMPBELLCLIM50535VUE-500004413",0,21.92,24.74,4.459,13.36,13.36,26.13,26.13,0.357,0.482
