"TOA5","CR5000_2","CR5000","2447","CR5000.Std.07","CPU:Parcela3_final.CR5","8647","Table1"
"TIMESTAMP","RECORD","SlrFD_W_Avg","Rain_mm_Tot","Strikes_Tot","Dist_km_Avg","WS_ms_Avg","WindDir","MaxWS_ms_Avg","AirT_C_Avg","VP_mbar_Avg","BP_mbar_Avg","ETos","Rso","RH","RHT_C","TiltNS_deg_Avg","TiltWE_deg_Avg","SlrTF_MJ_Tot","CVMeta","Invalid_Wind","TT_C_Avg","SBT_C_Avg","SHF_Avg","NR_Wm2_Avg","CNR_Wm2_Avg","Temp_TC1_C_Avg","Temp_TC2_C_Avg","SWC_5CM_Avg","SWC_40CM_Avg"
"TS","RN","W/m^2","mm","count","kilometers","m/s","degrees","m/s","Deg C","mbar","mbar","Deg C","Deg C","%","Deg C","degrees","degrees","MJ/m^2","","","Deg C","Deg C","W/m^2","W/meter^2","W/m^2","Deg C","Deg C","m3/m3","m3/m3"
"","","Avg","Tot","Tot","Avg","Avg","Smp","Avg","Avg","Avg","Avg","ETsz","RSo","Smp","Smp","Avg","Avg","Tot","Smp","Smp","Avg","Avg","Avg","Avg","Avg","Avg","Avg","Avg","Avg"
"2025-10-02 11:00:00",815,571.3,0,0,0,0.718,26.4,1.628,23.9,15.25,1015.181,0.405,3.135,47,28.2,0.017,2.15,2.0568,"013CAMPBELLCLIM50535VUE-500004413",0,30.75,26.05,-2.382,2008,2008,24.65,24.65,0.356,0.487
"2025-10-02 12:00:00",816,678.2,0,0,0,0.738,165.7,1.945,27.07,14.45,1014.664,0.5,3.269,37.1,31.4,0.15,2.183,2.4414,"013CAMPBELLCLIM50535VUE-500004413",0,37.7,30.27,-1.612,1995,1995,29.08,29.08,0.356,0.487
"2025-10-02 13:00:00",817,714.7,0,0,0,0.77,351.1,2.117,29.22,12.96667,1014.114,0.537,3.169,28.9,33.4,0.167,2.1,2.5728,"013CAMPBELLCLIM50535VUE-500004413",0,42.11,33.01,-0.275,1987,1987,32.36,32.35,0.356,0.487
"2025-10-02 14:00:00",818,620.8,0,0,0,0.807,111.2,2.045,31.17,12.11667,1013.514,0.481,2.83,27.6,34.6,0.117,2.117,2.235,"013CAMPBELLCLIM50535VUE-500004413",0,43.01,34.3,1.959,1990,1990,34.67,34.67,0.356,0.487
"2025-10-02 15:00:00",819,608.3,0,0,0,1.017,153.8,2.92,31.23,12.56667,1012.764,0.461,2.272,26.8,34.3,0.183,2.117,2.19,"013CAMPBELLCLIM50535VUE-500004413",0,43.27,34.17,5.119,1941,1941,35.84,35.84,0.356,0.487
"2025-10-02 16:00:00",820,496.5,0,0,0,1.212,162.2,4.017,30.83,13.11667,1012.581,0.377,1.557,32,33.1,0.133,2.083,1.7874,"013CAMPBELLCLIM50535VUE-500004413",0,40.57,33.28,8.4,1918,1918,35.91,35.91,0.356,0.487
"2025-10-02 17:00:00",821,337.3,0,0,0,1.148,151.1,3.402,29.83,13.13333,1012.748,0.247,0.77,31.2,31.8,0.033,2.067,1.2144,"013CAMPBELLCLIM50535VUE-500004413",0,35.74,31.59,11.07,1872,1872,34.74,34.74,0.357,0.487
"2025-10-02 18:00:00",822,142.5,0,0,0,0.995,156.8,3.297,28.15,11.86667,1013.098,0.084,0.103,29.8,28.3,0.083,2.117,0.513,"013CAMPBELLCLIM50535VUE-500004413",0,28.21,28.63,12.46,1809,1809,32.37,32.37,0.356,0.487
"2025-10-02 19:00:00",823,13,0,0,0,0.55,71.1,1.475,25.08,10.7,1013.431,-0.008,0,38.6,23.8,-0.017,2.217,0.0468,"013CAMPBELLCLIM50535VUE-500004413",0,20.7,24.18,12.44,1753,1753,27.85,27.85,0.358,0.487
"2025-10-02 20:00:00",824,0,0,0,0,0.243,69.2,0.57,21.42,11.8,1013.898,-0.029,0,50.2,20.2,-0.1,2.183,0,"013CAMPBELLCLIM50535VUE-500004413",0,16.95,19.83,11.47,1765,1765,23.38,23.38,0.358,0.487
"2025-10-02 21:00:00",825,0,0,0,0,0.278,67.5,0.703,20.02,13.06667,1013.964,-0.026,0,60.6,19,-0.133,2.167,0,"013CAMPBELLCLIM50535VUE-500004413",0,16.07,18.44,10,1786,1786,20.36,20.36,0.358,0.487
"2025-10-02 22:00:00",826,0,0,0,0,0.17,60.1,0.452,18.13,13.85,1013.881,-0.029,0,72.2,17.1,-0.117,2.15,0,"013CAMPBELLCLIM50535VUE-500004413",0,14.73,16.81,8.39,1802,1802,18.18,18.19,0.358,0.487
"2025-10-02 23:00:00",827,0,0,0,0,0.11,69.9,0.27,16.22,14.25,1013.731,-0.03,0,80.7,15.2,-0.15,2.217,0,"013CAMPBELLCLIM50535VUE-500004413",0,13.41,14.89,6.856,1833,1833,16.26,16.25,0.357,0.487
"2025-10-03 00:00:00",828,0,0,0,0,0.108,109.2,0.287,14.88,14.13333,1013.298,-0.029,0,85.5,14.1,-0.25,2.25,0,"013CAMPBELLCLIM50535VUE-500004413",0,12.56,13.48,5.452,1865,1865,14.6,14.6,0.357,0.487
"2025-10-03 01:00:00",829,0,0,0,0,0.053,40.5,0.142,13.62,13.91667,1012.598,-0.029,0,91.3,12.9,-0.217,2.2,0,"013CAMPBELLCLIM50535VUE-500004413",0,11.57,12.3,4.187,1867,1867,13.27,13.28,0.356,0.487
"2025-10-03 02:00:00",830,0,0,0,0,0.087,63,0.268,12.62,13.56667,1011.731,-0.028,0,93,12,-0.15,2.25,0,"013CAMPBELLCLIM50535VUE-500004413",0,10.89,11.32,3.031,1909,1909,12.11,12.11,0.356,0.487
"2025-10-03 03:00:00",831,0,0,0,0,0.118,101.2,0.288,12.07,13.36667,1011.381,-0.028,0,95.7,11.4,-0.25,2.25,0,"013CAMPBELLCLIM50535VUE-500004413",0,10.22,10.93,1.974,1936,1936,11.29,11.29,0.356,0.487
"2025-10-03 04:00:00",832,0,0,0,0,0.165,145.5,0.483,12.07,13.25,1011.314,-0.027,0,91.1,11.6,-0.2,2.183,0,"013CAMPBELLCLIM50535VUE-500004413",0,10.37,11.02,1.005,1943,1943,10.75,10.75,0.355,0.487
"2025-10-03 05:00:00",833,0,0,0,0,0.153,12.4,0.438,12.03,13.21667,1011.264,-0.027,0,94.3,11.4,-0.267,2.183,0,"013CAMPBELLCLIM50535VUE-500004413",0,9.97,11.07,0.115,1960,1960,10.56,10.56,0.355,0.487
"2025-10-03 06:00:00",834,0,0,0,0,0.153,147.7,0.427,11.78,12.95,1011.498,0.001,0.098,96.2,10.9,-0.217,2.25,0,"013CAMPBELLCLIM50535VUE-500004413",0,9.43,10.62,-0.659,1915,1915,10.22,10.22,0.355,0.487
"2025-10-03 07:00:00",835,7.5,0.017,0,0,0.075,180.2,0.155,10.53,12.38333,1011.898,0.005,0.762,98,10.1,-0.317,2.267,0.027,"013CAMPBELLCLIM50535VUE-500004413",0,8.99,9.49,-1.35,1898,1898,9.54,9.54,0.354,0.487
"2025-10-03 08:00:00",836,97.3,0.017,0,0,0.237,288.9,0.607,12.73,13.93333,1012.181,0.06,1.542,86.4,15.5,-0.217,2.233,0.3504,"013CAMPBELLCLIM50535VUE-500004413",0,12.21,11.87,-1.984,1904,1904,10.23,10.23,0.354,0.487
"2025-10-03 09:00:00",837,274,0,0,0,0.59,331.6,1.492,17.35,15.05,1012.214,0.174,2.243,70.4,21.7,-0.15,2.133,0.9864,"013CAMPBELLCLIM50535VUE-500004413",0,18.49,17.7,-2.504,1909,1909,14.29,14.29,0.354,0.487
"2025-10-03 10:00:00",838,432.3,0,0,0,0.553,131.5,1.383,20.6,14.98333,1012.098,0.29,2.8,55.9,25.1,-0.15,2.2,1.5564,"013CAMPBELLCLIM50535VUE-500004413",0,25.38,22.32,-2.67,1877,1877,19.94,19.94,0.354,0.487
"2025-10-03 11:00:00",839,573,0,0,0,0.668,106.9,2.038,23.53,14.7,1012.148,0.402,3.157,48.5,28,0.033,2.25,2.0628,"013CAMPBELLCLIM50535VUE-500004413",0,30.58,26.69,-2.367,1842,1842,24.93,24.92,0.353,0.487
"2025-10-03 12:00:00",840,669,0,0,0,0.997,159.8,3.178,24.55,14.56667,1012.098,0.479,3.282,46.7,27.9,-0.033,2.2,2.4084,"013CAMPBELLCLIM50535VUE-500004413",0,34.39,27.45,-1.599,1861,1861,28.13,28.13,0.361,0.487
"2025-10-03 13:00:00",841,711.3,0,0,0,0.975,184,2.54,25.45,14.75,1011.548,0.51,3.164,45.1,29,0.067,2.25,2.5608,"013CAMPBELLCLIM50535VUE-500004413",0,38.22,28.8,-0.192,1838,1838,29.85,29.85,0.4,0.491
"2025-10-03 14:00:00",842,687.2,0,0,0,1.298,163.4,3.465,25.9,14.65,1011.114,0.497,2.816,44.1,28.8,0.033,2.117,2.4738,"013CAMPBELLCLIM50535VUE-500004413",0,38.73,28.74,2.361,1784,1784,30.88,30.88,0.413,0.493
"2025-10-03 15:00:00",843,612,0,0,0,1.577,148.2,4.318,24.83,14.58333,1010.431,0.431,2.265,50,27,0.033,2.1,2.2032,"013CAMPBELLCLIM50535VUE-500004413",0,36.7,27.28,5.738,1746,1746,30.73,30.73,0.417,0.494
"2025-10-03 16:00:00",844,482.3,0,0,0,1.723,161.3,5.283,22.32,14.68333,1010.681,0.318,1.558,58.8,24.2,0,2.05,1.7364,"013CAMPBELLCLIM50535VUE-500004413",0,32.69,24.51,8.83,1738,1738,29.18,29.19,0.414,0.494
"2025-10-03 17:00:00",845,335,0,0,0,1.828,155.2,4.828,19.35,13.93333,1011.531,0.2,0.777,66.1,20.8,-0.333,2.167,1.206,"013CAMPBELLCLIM50535VUE-500004413",0,26.56,20.93,10.74,1706,1706,26.42,26.42,0.406,0.492
"2025-10-03 18:00:00",846,138.8,0,0,0,1.868,148.5,5.985,15.83,12.91667,1012.948,0.061,0.108,75.5,15.9,-0.217,2.217,0.4998,"013CAMPBELLCLIM50535VUE-500004413",0,19,16.46,11.26,1692,1692,22.39,22.39,0.402,0.492
"2025-10-03 19:00:00",847,17.5,0,0,0,1.5,141.6,4.985,13.23,12.21667,1014.331,-0.003,0,83.5,12.9,-0.2,2.15,0.063,"013CAMPBELLCLIM50535VUE-500004413",0,13.62,13.05,10.49,1677,1677,17.53,17.53,0.399,0.492
"2025-10-03 20:00:00",848,0,0,0,0,1.3,133.2,3.528,12.42,12.08333,1015.781,-0.011,0,84.2,12.6,-0.183,2.217,0,"013CAMPBELLCLIM50535VUE-500004413",0,13.75,12.26,8.96,1693,1693,14.84,14.84,0.397,0.492
"2025-10-03 21:00:00",849,0,0,0,0,1.123,172.8,3.453,12.25,12.15,1016.381,-0.014,0,86.2,12.3,-0.217,2.317,0,"013CAMPBELLCLIM50535VUE-500004413",0,13.33,12.08,7.191,1704,1704,13.74,13.75,0.395,0.491
"2025-10-03 22:00:00",850,0,0,0,0,0.713,135.2,2.035,11.9,12.08333,1017.031,-0.019,0,86.8,12.1,-0.267,2.233,0,"013CAMPBELLCLIM50535VUE-500004413",0,13.16,11.75,5.569,1760,1760,13.02,13.02,0.394,0.491
"2025-10-03 23:00:00",851,0,0,0,0,0.72,164.9,1.797,11.9,12.13333,1017.498,-0.019,0,88.1,12.1,-0.167,2.25,0,"013CAMPBELLCLIM50535VUE-500004413",0,13.04,11.72,4.217,1795,1795,12.64,12.64,0.392,0.491
"2025-10-04 00:00:00",852,0,0,0,0,0.38,150.1,1.167,11.73,12.46667,1017.464,-0.024,0,91.1,11.9,-0.183,2.15,0,"013CAMPBELLCLIM50535VUE-500004413",0,12.75,11.45,3.117,1824,1824,12.3,12.3,0.391,0.491
"2025-10-04 01:00:00",853,0,0,0,0,0.577,152.8,1.695,11.78,12.58333,1017.464,-0.022,0,90.8,11.9,-0.2,2.217,0,"013CAMPBELLCLIM50535VUE-500004413",0,12.76,11.56,2.217,1848,1848,12.16,12.15,0.391,0.491
"2025-10-04 02:00:00",854,0,0,0,0,0.557,156.1,1.662,11.77,12.51667,1017.348,-0.022,0,91.6,11.9,-0.233,2.217,0,"013CAMPBELLCLIM50535VUE-500004413",0,12.64,11.6,1.485,1853,1853,12.11,12.11,0.39,0.491
"2025-10-04 03:00:00",855,0,0,0,0,0.468,152.7,1.35,11.78,12.58333,1017.048,-0.023,0,90.4,12,-0.3,2.2,0,"013CAMPBELLCLIM50535VUE-500004413",0,12.66,11.59,0.871,1888,1888,12.08,12.08,0.389,0.491
"2025-10-04 04:00:00",856,0,0,0,0,0.55,185.9,1.523,11.75,12.53333,1016.814,-0.022,0,92.3,11.8,-0.25,2.2,0,"013CAMPBELLCLIM50535VUE-500004413",0,12.35,11.55,0.328,1908,1908,12.04,12.04,0.388,0.491
"2025-10-04 05:00:00",857,0,0,0,0,0.405,124.3,1.273,11.53,12.56667,1016.698,-0.024,0,93.5,11.5,-0.267,2.25,0,"013CAMPBELLCLIM50535VUE-500004413",0,12,11.14,-0.14,1939,1939,11.78,11.79,0.387,0.491
"2025-10-04 06:00:00",858,0,0.187,0,0,0.24,77.5,0.707,11.23,12.73333,1017.214,0.001,0.106,96.4,11.2,-0.267,2.217,0,"013CAMPBELLCLIM50535VUE-500004413",0,11.91,10.86,-0.567,1961,1961,11.53,11.53,0.386,0.491
"2025-10-04 07:00:00",859,7.167,0.017,0,0,0.335,135.6,1.09,11.17,12.63333,1018.114,0.006,0.779,95.1,11.3,-0.233,2.167,0.0258,"013CAMPBELLCLIM50535VUE-500004413",0,11.74,10.79,-0.927,1967,1967,11.27,11.27,0.386,0.491
"2025-10-04 08:00:00",860,102.8,0,0,0,0.368,142.2,1.132,11.72,13.03333,1018.398,0.062,1.568,92.6,13.2,-0.25,2.217,0.3702,"013CAMPBELLCLIM50535VUE-500004413",0,13.96,11.98,-1.241,1965,1965,11.67,11.67,0.385,0.492
"2025-10-04 09:00:00",861,118.7,0,0,0,0.298,136.7,0.74,12.58,13.03333,1018.781,0.074,2.281,87.2,14,-0.25,2.25,0.4272,"013CAMPBELLCLIM50535VUE-500004413",0,14.74,13.52,-1.472,1957,1957,12.97,12.97,0.385,0.492
"2025-10-04 10:00:00",862,181.3,0,0,0,0.518,339.6,1.567,13.63,12.7,1019.281,0.116,2.843,79.4,15.6,-0.233,2.35,0.6528,"013CAMPBELLCLIM50535VUE-500004413",0,16.86,14.79,-1.47,1952,1952,14.21,14.21,0.384,0.492
"2025-10-04 11:00:00",863,344.5,0,0,0,0.69,331.9,1.893,14.83,12.61667,1019.598,0.212,3.2,69.9,18.2,-0.217,2.283,1.2402,"013CAMPBELLCLIM50535VUE-500004413",0,21.41,16.64,-1.271,1931,1931,16.22,16.22,0.384,0.492
"2025-10-04 12:00:00",864,432.7,0,0,0,0.66,247.5,2.052,16.82,12.13333,1019.264,0.276,3.33,60.1,20.5,-0.067,2.25,1.5576,"013CAMPBELLCLIM50535VUE-500004413",0,24.71,19.48,-0.886,1939,1939,19.66,19.66,0.383,0.492
"2025-10-04 13:00:00",865,529,0,0,0,0.937,153.1,2.788,18.07,11.93333,1018.948,0.34,3.212,55.6,21.8,-0.067,2.183,1.9044,"013CAMPBELLCLIM50535VUE-500004413",0,28.9,20.63,-0.219,1949,1949,21.61,21.61,0.383,0.492
"2025-10-04 14:00:00",866,525.2,0,0,0,1.08,173.8,3.007,18.73,11.73333,1018.414,0.34,2.862,53.7,21.2,0.033,2.133,1.8906,"013CAMPBELLCLIM50535VUE-500004413",0,29.1,21.73,0.819,1955,1955,23.31,23.31,0.383,0.492
"2025-10-04 15:00:00",867,549.8,0,0,0,1.17,169.8,3.285,19.47,11.61667,1018.014,0.346,2.304,50.4,23.1,-0.15,2.167,1.9794,"013CAMPBELLCLIM50535VUE-500004413",0,32,22.13,2.36,1938,1938,23.75,23.75,0.383,0.492
"2025-10-04 16:00:00",868,309.3,0,0,0,1.272,150.1,4.062,19.07,11.33333,1017.764,0.205,1.593,51.7,20.7,-0.1,2.15,1.1136,"013CAMPBELLCLIM50535VUE-500004413",0,24.95,20.66,4.044,1931,1931,24.05,24.05,0.382,0.492
"2025-10-04 17:00:00",869,141.2,0,0,0,1.055,173.7,3.068,17.87,10.93333,1018.148,0.093,0.799,55.1,19,-0.117,2.167,0.5082,"013CAMPBELLCLIM50535VUE-500004413",0,21,18.49,5.547,1916,1916,21.83,21.83,0.382,0.492
"2025-10-04 18:00:00",870,72.5,0,0,0,1.197,148.7,3.78,16.63,10.8,1018.614,0.019,0.113,58.7,16.9,-0.15,2.15,0.261,"013CAMPBELLCLIM50535VUE-500004413",0,18.2,16.85,6.023,1915,1915,19.87,19.88,0.382,0.492
"2025-10-04 19:00:00",871,8.67,0,0,0,1.047,146.9,3.158,15.42,10.46667,1019.248,0.01,0,60.7,15.3,-0.15,2.183,0.0312,"013CAMPBELLCLIM50535VUE-500004413",0,15.61,15.27,5.6,1888,1888,17.71,17.71,0.382,0.492
"2025-10-04 20:00:00",872,0,0,0,0,1.002,153.7,2.797,14.03,10.56667,1019.931,0.003,0,68.7,13.8,-0.117,2.2,0,"013CAMPBELLCLIM50535VUE-500004413",0,14.22,13.87,4.709,1888,1888,15.92,15.92,0.381,0.492
"2025-10-04 21:00:00",873,0,0,0,0,0.81,143.8,2.302,12.97,10.36667,1020.731,-0.002,0,69.7,12.8,-0.233,2.217,0,"013CAMPBELLCLIM50535VUE-500004413",0,13.34,12.78,3.627,1903,1903,14.48,14.48,0.381,0.492
"2025-10-04 22:00:00",874,0,0,0,0,0.83,157.7,2.347,12.57,10.13333,1021.098,-0.002,0,69.7,12.6,-0.2,2.283,0,"013CAMPBELLCLIM50535VUE-500004413",0,12.88,12.35,2.545,1911,1911,13.48,13.48,0.381,0.492
"2025-10-04 23:00:00",875,0,0,0,0,0.857,173.9,2.462,12.18,10.03333,1021.348,-0.002,0,71.4,12.2,-0.217,2.3,0,"013CAMPBELLCLIM50535VUE-500004413",0,12.42,12,1.548,1921,1921,12.84,12.85,0.38,0.492
"2025-10-05 00:00:00",876,0,0,0,0,0.6,142.2,1.872,11.62,10.01667,1021.248,-0.007,0,74.9,11.3,-0.15,2.2,0,"013CAMPBELLCLIM50535VUE-500004413",0,11.32,11.34,0.64,1954,1954,12.15,12.15,0.38,0.492
"2025-10-05 01:00:00",877,0,0,0,0,0.61,126,1.867,11.05,10.06667,1021.348,-0.007,0,77.4,11,-0.267,2.217,0,"013CAMPBELLCLIM50535VUE-500004413",0,11.38,10.75,-0.161,1972,1972,11.49,11.49,0.379,0.492
"2025-10-05 02:00:00",878,0,0,0,0,0.663,145.8,2.153,10.73,10.26667,1021.431,-0.008,0,81.5,10.6,-0.3,2.233,0,"013CAMPBELLCLIM50535VUE-500004413",0,10.7,10.41,-0.865,1995,1995,10.99,10.99,0.379,0.492
"2025-10-05 03:00:00",879,0,0,0,0,0.667,170.6,1.943,10.35,10.36667,1021.331,-0.008,0,83.9,10.3,-0.25,2.15,0,"013CAMPBELLCLIM50535VUE-500004413",0,10.42,10.05,-1.474,2038,2038,10.46,10.46,0.378,0.492
"2025-10-05 04:00:00",880,0,0,0,0,0.83,179.3,2.323,10.02,9.616667,1021.498,-0.005,0,72,10,-0.233,2.317,0,"013CAMPBELLCLIM50535VUE-500004413",0,10.27,9.86,-2.023,2051,2051,10.36,10.36,0.378,0.491
"2025-10-05 05:00:00",881,0,0,0,0,0.668,140.7,1.843,9.45,8.849999,1022.098,-0.006,0,76.3,9.5,-0.25,2.217,0,"013CAMPBELLCLIM50535VUE-500004413",0,9.91,9.33,-2.522,2059,2059,9.99,9.99,0.377,0.491
"2025-10-05 06:00:00",882,0,0,0,0,0.768,119.4,2.337,9.23,9.05,1023.014,0.011,0.115,80.3,9,-0.317,2.233,0,"013CAMPBELLCLIM50535VUE-500004413",0,9.33,8.97,-2.991,2053,2053,9.55,9.55,0.377,0.492
"2025-10-05 07:00:00",883,5,0.969,0,0,0.47,130.1,1.582,8.08,9.566667,1023.948,0.006,0.81,92.7,7.8,-0.217,2.3,0.018,"013CAMPBELLCLIM50535VUE-500004413",0,8.6,7.71,-3.449,2072,2072,8.71,8.71,0.376,0.492
"2025-10-05 08:00:00",884,40.17,0.255,0,0,0.272,86.7,0.933,7.633,9.866667,1024.431,0.023,1.611,93.6,8,-0.317,2.2,0.1446,"013CAMPBELLCLIM50535VUE-500004413",0,9.57,7.519,-3.879,2091,2091,8.22,8.22,0.375,0.492
"2025-10-05 09:00:00",885,108.7,0,0,0,0.318,348.4,1.245,8.68,9.933333,1025.148,0.061,2.331,83.8,9.7,-0.35,2.317,0.3912,"013CAMPBELLCLIM50535VUE-500004413",0,11.49,9.15,-4.266,2075,2075,8.86,8.86,0.375,0.492
"2025-10-05 10:00:00",886,170.5,0,0,0,0.435,210.2,1.205,9.85,9.4,1025.748,0.1,2.902,73.3,11.5,-0.133,2.233,0.6138,"013CAMPBELLCLIM50535VUE-500004413",0,13.18,10.98,-4.465,2080,2080,10.47,10.48,0.375,0.492
"2025-10-05 11:00:00",887,243.3,0,0,0,0.607,148.4,1.733,10.92,9.366667,1026.148,0.145,3.262,69.7,13.1,-0.217,2.2,0.876,"013CAMPBELLCLIM50535VUE-500004413",0,15.54,12.8,-4.36,2077,2077,12.54,12.54,0.375,0.492
"2025-10-05 12:00:00",888,506.7,0,0,0,0.902,100.4,2.568,12.5,9.25,1026.464,0.286,3.387,59.2,16.2,-0.217,2.15,1.824,"013CAMPBELLCLIM50535VUE-500004413",0,21.68,15.54,-4.006,2067,2067,14.92,14.93,0.374,0.492
"2025-10-05 13:00:00",889,652.8,0,0,0,1.073,146.8,2.875,14.05,8.983334,1026.364,0.373,3.271,51.2,17.4,-0.267,2.217,2.3502,"013CAMPBELLCLIM50535VUE-500004413",0,26.88,17.16,-3.448,2065,2065,17.59,17.6,0.374,0.492
"2025-10-05 14:00:00",890,716.5,0,0,0,1.088,155.9,3.132,15.42,8.933333,1025.931,0.412,2.912,50.8,19.3,-0.2,2.15,2.5794,"013CAMPBELLCLIM50535VUE-500004413",0,29.5,19.1,-2.586,2069,2069,19.77,19.77,0.374,0.492
"2025-10-05 15:00:00",891,672.8,0,0,0,0.99,176.3,3.003,16.52,8.716666,1025.281,0.386,2.35,44.7,20.2,-0.083,2.083,2.4222,"013CAMPBELLCLIM50535VUE-500004413",0,33.31,20.73,-1.277,2066,2066,21.81,21.81,0.373,0.492
"2025-10-05 16:00:00",892,530.8,0,0,0,0.96,240.2,2.688,17.02,8.083333,1024.498,0.303,1.632,40,20.5,-0.133,2.167,1.911,"013CAMPBELLCLIM50535VUE-500004413",0,30.22,20.22,0.642,2053,2053,22.69,22.69,0.373,0.492
"2025-10-05 17:00:00",893,367.8,0,0,0,0.858,172.3,2.447,17.08,7.3,1024.081,0.199,0.827,37.9,20.3,-0.133,2.1,1.3242,"013CAMPBELLCLIM50535VUE-500004413",0,26.33,19.49,2.639,2046,2046,22.36,22.36,0.374,0.492
"2025-10-05 18:00:00",894,142,0,0,0,0.813,230.4,2.39,16.63,7,1024.098,0.054,0.118,36.4,17,-0.117,2.183,0.5112,"013CAMPBELLCLIM50535VUE-500004413",0,19.72,17.41,3.724,2020,2020,20.73,20.73,0.373,0.492
"2025-10-05 19:00:00",895,11.83,0,0,0,0.767,220.8,2.43,14.75,6.216667,1024.448,-0.001,0,36.8,13.8,-0.2,2.2,0.0426,"013CAMPBELLCLIM50535VUE-500004413",0,12.68,14.18,3.62,1975,1975,16.86,16.86,0.373,0.492
"2025-10-05 20:00:00",896,0,0,0,0,0.475,65,1.672,12.88,6.083333,1024.814,-0.017,0,45.7,12,-0.367,2.167,0,"013CAMPBELLCLIM50535VUE-500004413",0,9.87,12.08,2.74,1957,1957,13.77,13.76,0.373,0.491
"2025-10-05 21:00:00",897,0,0,0,0,0.187,72.5,0.518,9.93,6.983334,1024.981,-0.027,0,60.2,8.9,-0.15,2.217,0,"013CAMPBELLCLIM50535VUE-500004413",0,7.328,8.6,1.509,1952,1952,10.77,10.77,0.372,0.491
"2025-10-05 22:00:00",898,0,0,0,0,0.177,243.6,0.608,8.27,7.55,1024.681,-0.026,0,75,7.3,-0.3,2.283,0,"013CAMPBELLCLIM50535VUE-500004413",0,6.269,7.096,0.172,1974,1974,8.39,8.38,0.372,0.491
"2025-10-05 23:00:00",899,0,0,0,0,0.183,189.3,0.508,6.817,8.05,1024.264,-0.024,0,82.7,5.9,-0.383,2.217,0,"013CAMPBELLCLIM50535VUE-500004413",0,5.239,5.566,-1.143,1994,1994,6.566,6.565,0.371,0.491
"2025-10-06 00:00:00",900,0,0,0,0,0.143,237.6,0.328,5.683,8.016666,1023.931,-0.024,0,89.3,4.8,-0.333,2.2,0,"013CAMPBELLCLIM50535VUE-500004413",0,4.47,4.467,-2.366,2038,2038,5.156,5.16,0.371,0.491
"2025-10-06 01:00:00",901,0,0,0,0,0.217,274.5,0.507,5.417,7.933333,1023.414,-0.023,0,81.1,4.7,-0.3,2.233,0,"013CAMPBELLCLIM50535VUE-500004413",0,4.295,3.979,-3.48,2074,2074,4.144,4.145,0.37,0.491
"2025-10-06 02:00:00",902,0,0,0,0,0.473,217.4,1.072,6.733,7.783333,1023.031,-0.019,0,82.2,5.7,-0.283,2.217,0,"013CAMPBELLCLIM50535VUE-500004413",0,4.568,5.995,-4.481,2109,2109,4.185,4.184,0.37,0.491
"2025-10-06 03:00:00",903,0,0,0,0,0.163,247.7,0.395,4.667,7.6,1022.381,-0.023,0,92.8,3.6,-0.383,2.233,0,"013CAMPBELLCLIM50535VUE-500004413",0,2.881,3.637,-5.354,2126,2126,3.53,3.531,0.369,0.491
"2025-10-06 04:00:00",904,0,0,0,0,0.18,246.5,0.467,3.5,7.383333,1021.548,-0.023,0,95,2.8,-0.35,2.183,0,"013CAMPBELLCLIM50535VUE-500004413",0,2.345,2.379,-6.123,2156,2156,2.517,2.515,0.369,0.491
"2025-10-06 05:00:00",905,0,0,0,0,0.158,231.1,0.35,3.067,7.3,1021.381,-0.023,0,96.9,2.5,-0.367,2.217,0,"013CAMPBELLCLIM50535VUE-500004413",0,1.943,2.019,-6.852,2173,2173,1.844,1.842,0.368,0.491
"2025-10-06 06:00:00",906,0,0,0,0,0.35,248.6,0.858,3.9,7.516666,1021.381,0.002,0.124,95.9,3.4,-0.35,2.267,0,"013CAMPBELLCLIM50535VUE-500004413",0,2.53,2.853,-7.539,2150,2150,1.679,1.681,0.368,0.491
"2025-10-06 07:00:00",907,10,0,0,0,0.19,269.1,0.41,3.217,7.416667,1021.648,0.005,0.839,95.4,2.5,-0.45,2.317,0.036,"013CAMPBELLCLIM50535VUE-500004413",0,2.178,2.286,-8.16,2122,2122,1.64,1.642,0.367,0.491
"2025-10-06 08:00:00",908,120.7,0,0,0,0.637,319.9,1.722,6.883,8.483334,1021.864,0.064,1.641,81.5,9.9,-0.3,2.333,0.4344,"013CAMPBELLCLIM50535VUE-500004413",0,5.624,6.247,-8.69,2098,2098,3.008,3.005,0.366,0.491
