"TOA5","CR5000_2","CR5000","2447","CR5000.Std.07","CPU:Parcela3_final.CR5","8647","Table1"
"TIMESTAMP","RECORD","SlrFD_W_Avg","Rain_mm_Tot","Strikes_Tot","Dist_km_Avg","WS_ms_Avg","WindDir","MaxWS_ms_Avg","AirT_C_Avg","VP_mbar_Avg","BP_mbar_Avg","ETos","Rso","RH","RHT_C","TiltNS_deg_Avg","TiltWE_deg_Avg","SlrTF_MJ_Tot","CVMeta","Invalid_Wind","TT_C_Avg","SBT_C_Avg","SHF_Avg","NR_Wm2_Avg","CNR_Wm2_Avg","Temp_TC1_C_Avg","Temp_TC2_C_Avg","SWC_5CM_Avg","SWC_40CM_Avg"
"TS","RN","W/m^2","mm","count","kilometers","m/s","degrees","m/s","Deg C","mbar","mbar","Deg C","Deg C","%","Deg C","degrees","degrees","MJ/m^2","","","Deg C","Deg C","W/m^2","W/meter^2","W/m^2","Deg C","Deg C","m3/m3","m3/m3"
"","","Avg","Tot","Tot","Avg","Avg","Smp","Avg","Avg","Avg","Avg","ETsz","RSo","Smp","Smp","Avg","Avg","Tot","Smp","Smp","Avg","Avg","Avg","Avg","Avg","Avg","Avg","Avg","Avg"
"2025-09-23 09:00:00",597,245,0,0,0,0.44,6.5,1.237,12.28,10.31667,1016.831,0.139,2.088,66.8,17.1,-0.033,2.25,0.882,"013CAMPBELLCLIM50535VUE-500004413",0,14.35,12.91,-7.179,402.5,402.5,8.33,8.32,0.332,0.483
"2025-09-23 10:00:00",598,405.7,0,0,0,0.605,31.2,1.507,16.02,10.43333,1017.448,0.249,2.658,51.6,20.9,-0.017,2.233,1.4604,"013CAMPBELLCLIM50535VUE-500004413",0,22.41,18.18,-7.269,313.2,313.2,14.76,14.77,0.332,0.483
"2025-09-23 11:00:00",599,549.3,0,0,0,0.703,193.1,1.912,19.7,10.01667,1017.481,0.361,3.034,39.1,24.4,0.083,2.2,1.9776,"013CAMPBELLCLIM50535VUE-500004413",0,29.8,22.86,-6.931,216.2,216.2,20.08,20.07,0.332,0.483
"2025-09-23 12:00:00",600,652.3,0,0,0,0.777,166.2,2.075,22.52,9.566667,1017.164,0.448,3.181,32.9,26.8,0.1,2.283,2.3484,"013CAMPBELLCLIM50535VUE-500004413",0,35.52,26.59,-6.124,305.3,305.3,24.75,24.74,0.332,0.483
"2025-09-23 13:00:00",601,676.3,0,0,0,0.908,287.7,2.345,24.68,9.166666,1016.998,0.481,3.081,28.3,28.5,0.133,2.233,2.4348,"013CAMPBELLCLIM50535VUE-500004413",0,39.43,28.51,-4.683,317.2,317.2,27.91,27.91,0.332,0.483
"2025-09-23 14:00:00",602,659.7,0,0,0,0.888,195.4,2.367,25.93,9.2,1016.581,0.469,2.739,26.5,29.7,0.233,2.2,2.3748,"013CAMPBELLCLIM50535VUE-500004413",0,42.23,30.01,-2.277,310.7,310.7,30.01,30.01,0.332,0.483
"2025-09-23 15:00:00",603,590.2,0,0,0,1.093,174,2.94,26.25,9.266666,1016.164,0.416,2.189,28.8,29.4,0.2,2.1,2.1246,"013CAMPBELLCLIM50535VUE-500004413",0,40.97,29.61,0.87,309.5,309.5,31.14,31.14,0.333,0.483
"2025-09-23 16:00:00",604,470.5,0,0,0,1.283,183.6,3.383,25.62,10.63333,1016.064,0.33,1.471,35.6,28.2,0.15,2.117,1.6938,"013CAMPBELLCLIM50535VUE-500004413",0,36.42,28.21,4.035,483.4,483.4,31.03,31.03,0.335,0.482
"2025-09-23 17:00:00",605,315.8,0,0,0,1.155,154.4,3.41,24.7,11.35,1016.331,0.209,0.687,36.7,26.8,0.1,2.133,1.137,"013CAMPBELLCLIM50535VUE-500004413",0,31.31,26.63,6.654,438.5,438.5,29.82,29.83,0.374,0.485
"2025-09-23 18:00:00",606,140.5,0,0,0,1.115,178.9,3.072,23.37,10.73333,1016.664,0.079,0.072,38.9,23.9,0.167,2.133,0.5058,"013CAMPBELLCLIM50535VUE-500004413",0,22.5,23.84,8.34,488.4,488.4,27.5,27.5,0.384,0.487
"2025-09-23 19:00:00",607,10.67,0,0,0,0.648,78.2,1.795,20.98,10.68333,1017.164,-0.006,0,45.9,20,0.067,2.217,0.0384,"013CAMPBELLCLIM50535VUE-500004413",0,16.51,20.3,8.72,512.1,512.1,23.46,23.46,0.382,0.487
"2025-09-23 20:00:00",608,0,0,0,0,0.253,96.4,0.658,17.57,10.78333,1017.564,-0.027,0,56.6,16.2,0.05,2.2,0,"013CAMPBELLCLIM50535VUE-500004413",0,12.57,16.15,8.16,550.2,550.2,19.36,19.37,0.38,0.487
"2025-09-23 21:00:00",609,0,0,0,0,0.133,144.8,0.353,15,11.43333,1017.564,-0.03,0,75,13.7,-0.05,2.267,0,"013CAMPBELLCLIM50535VUE-500004413",0,10.75,13.3,7.039,614.3,614.3,16.04,16.04,0.378,0.487
"2025-09-23 22:00:00",610,0,0,0,0,0.132,91,0.377,12.63,11.66667,1017.381,-0.028,0,81.9,11.6,-0.083,2.267,0,"013CAMPBELLCLIM50535VUE-500004413",0,9.48,11.03,5.672,682.9,682.9,13.31,13.31,0.376,0.486
"2025-09-23 23:00:00",611,0,0,0,0,0.152,185.2,0.382,11.43,11.5,1017.414,-0.027,0,87.5,10.5,-0.167,2.333,0,"013CAMPBELLCLIM50535VUE-500004413",0,8.53,9.92,4.275,728.3,728.3,11.31,11.31,0.375,0.486
"2025-09-24 00:00:00",612,0,0,0,0,0.138,251,0.355,10.33,11.28333,1017.231,-0.027,0,91.6,9.4,-0.133,2.333,0,"013CAMPBELLCLIM50535VUE-500004413",0,7.68,8.79,2.922,772.8,772.8,9.85,9.85,0.375,0.486
"2025-09-24 01:00:00",613,0,0,0,0,0.12,314.9,0.333,9.65,11,1017.148,-0.027,0,93.4,8.8,-0.133,2.3,0,"013CAMPBELLCLIM50535VUE-500004413",0,6.998,8.17,1.667,815,815,8.78,8.78,0.373,0.486
"2025-09-24 02:00:00",614,0,0,0,0,0.153,277,0.363,8.8,10.71667,1016.948,-0.026,0,93.7,8,-0.167,2.283,0,"013CAMPBELLCLIM50535VUE-500004413",0,6.353,7.563,0.516,851,851,7.859,7.859,0.374,0.486
"2025-09-24 03:00:00",615,0,0,0,0,0.213,156.3,0.558,8.8,10.7,1016.514,-0.025,0,97,7.8,-0.083,2.333,0,"013CAMPBELLCLIM50535VUE-500004413",0,6.058,7.535,-0.536,880,880,7.362,7.359,0.372,0.486
"2025-09-24 04:00:00",616,0,0,0,0,0.132,233.5,0.297,7.683,10.2,1015.998,-0.026,0,97.9,6.9,-0.2,2.217,0,"013CAMPBELLCLIM50535VUE-500004413",0,5.328,6.607,-1.493,884,884,6.659,6.655,0.372,0.486
"2025-09-24 05:00:00",617,0,0,0,0,0.133,199.2,0.277,7.183,9.85,1015.781,-0.025,0,97.1,6.4,-0.117,2.3,0,"013CAMPBELLCLIM50535VUE-500004413",0,4.813,6.01,-2.362,893,893,5.988,5.993,0.371,0.486
"2025-09-24 06:00:00",618,0,0.017,0,0,0.143,296.4,0.335,6.667,9.516666,1015.798,0.001,0.047,97.6,6,-0.2,2.25,0,"013CAMPBELLCLIM50535VUE-500004413",0,4.312,5.518,-3.171,900,900,5.427,5.431,0.371,0.486
"2025-09-24 07:00:00",619,4.333,0,0,0,0.145,191.5,0.318,6.25,9.25,1015.798,0.003,0.606,96.9,5.7,-0.267,2.35,0.0156,"013CAMPBELLCLIM50535VUE-500004413",0,4.291,5.11,-3.916,920,920,4.975,4.973,0.37,0.486
"2025-09-24 08:00:00",620,57.83,0.017,0,0,0.218,354.7,0.488,8.4,10.41667,1015.848,0.033,1.388,91,9.3,-0.233,2.267,0.2082,"013CAMPBELLCLIM50535VUE-500004413",0,7.531,7.474,-4.602,947,947,5.625,5.628,0.373,0.486
"2025-09-24 09:00:00",621,256.2,0,0,0,0.348,101.3,0.908,14.05,13.65,1015.964,0.147,2.078,70.8,18.5,-0.133,2.283,0.9222,"013CAMPBELLCLIM50535VUE-500004413",0,16.39,13.83,-5.167,958,958,9.61,9.61,0.376,0.486
"2025-09-24 10:00:00",622,419.7,0,0,0,0.548,31.2,1.397,18.62,12.71667,1015.664,0.269,2.652,52.8,23.5,0.05,2.317,1.5108,"013CAMPBELLCLIM50535VUE-500004413",0,24.65,21.07,-5.343,977,977,16.35,16.34,0.376,0.487
"2025-09-24 11:00:00",623,557.2,0,0,0,0.683,59.4,1.687,22.42,12.4,1014.948,0.384,3.022,41.5,26.9,0.15,2.217,2.0058,"013CAMPBELLCLIM50535VUE-500004413",0,31.62,25.63,-4.976,957,957,22.43,22.43,0.375,0.487
"2025-09-24 12:00:00",624,646.3,0,0,0,0.833,127.9,2.065,25.7,12.16667,1014.514,0.47,3.162,33.6,29.7,0.067,2.267,2.3268,"013CAMPBELLCLIM50535VUE-500004413",0,37.43,29.18,-4.111,925,925,27.27,27.27,0.374,0.487
"2025-09-24 13:00:00",625,685.5,0,0,0,1.137,136.7,3.038,27.8,10.81667,1014.198,0.52,3.073,25.4,30.9,0.2,2.3,2.4678,"013CAMPBELLCLIM50535VUE-500004413",0,41.77,31.08,-2.583,908,908,30.58,30.57,0.373,0.487
"2025-09-24 14:00:00",626,671,0,0,0,1.175,165.7,3.03,29.2,9.983334,1013.664,0.512,2.742,23.9,32.2,0.217,2.25,2.4156,"013CAMPBELLCLIM50535VUE-500004413",0,43.92,32.49,-0.118,892,892,32.71,32.72,0.372,0.487
"2025-09-24 15:00:00",627,603.2,0,0,0,1.318,157.3,3.728,29.52,9.983334,1013.364,0.456,2.195,24.1,32.2,0.267,2.167,2.1714,"013CAMPBELLCLIM50535VUE-500004413",0,43.42,32.35,3.042,861,861,33.79,33.79,0.372,0.487
"2025-09-24 16:00:00",628,475.8,0,0,0,1.182,141.8,3.065,29.68,10.63333,1013.064,0.352,1.483,26.5,32.4,0.2,2.133,1.713,"013CAMPBELLCLIM50535VUE-500004413",0,39.94,32.39,6.232,752.2,752.2,34.16,34.16,0.372,0.487
"2025-09-24 17:00:00",629,322.3,0,0,0,1.137,159.1,2.638,29.27,9.483334,1013.331,0.23,0.704,21.9,31.4,0.217,2.233,1.1604,"013CAMPBELLCLIM50535VUE-500004413",0,34.57,31.06,8.81,704.9,704.9,33.65,33.65,0.372,0.487
"2025-09-24 18:00:00",630,148.5,0,0,0,1.053,142.8,3.047,27.95,9.2,1013.398,0.09,0.075,26.3,28.4,0.267,2.083,0.5346,"013CAMPBELLCLIM50535VUE-500004413",0,25.84,28.42,10.35,743.8,743.8,31.69,31.69,0.372,0.487
"2025-09-24 19:00:00",631,8.17,0,0,0,0.638,81.9,1.967,24.5,9.616667,1013.848,-0.005,0,37.8,23,0.067,2.117,0.0294,"013CAMPBELLCLIM50535VUE-500004413",0,18.82,23.69,10.59,813,813,27.32,27.32,0.372,0.487
"2025-09-24 20:00:00",632,0,0,0,0,0.34,90.4,0.903,20.58,10.71667,1014.564,-0.024,0,47.4,19.3,-0.033,2.283,0,"013CAMPBELLCLIM50535VUE-500004413",0,14.82,18.94,9.86,858,858,22.54,22.54,0.371,0.487
"2025-09-24 21:00:00",633,0,0,0,0,0.428,106.2,1.418,19.58,12.23333,1015.431,-0.02,0,57.4,18.6,-0.067,2.25,0,"013CAMPBELLCLIM50535VUE-500004413",0,14.52,17.78,8.58,932,932,19.51,19.51,0.371,0.487
"2025-09-24 22:00:00",634,0,0,0,0,0.238,117.3,0.715,18,13.13333,1015.481,-0.027,0,67.5,16.7,-0.067,2.283,0,"013CAMPBELLCLIM50535VUE-500004413",0,12.89,16.56,7.094,1003,1003,17.62,17.62,0.371,0.487
"2025-09-24 23:00:00",635,0,0,0,0,0.335,290.3,1.132,16.55,13.06667,1015.081,-0.024,0,65.7,15.7,-0.15,2.233,0,"013CAMPBELLCLIM50535VUE-500004413",0,12.62,15.26,5.683,1074,1074,15.69,15.69,0.37,0.487
"2025-09-25 00:00:00",636,0,0,0,0,0.29,109.2,0.702,15.5,12.88333,1015.514,-0.025,0,77.3,14.4,-0.167,2.283,0,"013CAMPBELLCLIM50535VUE-500004413",0,11.43,14.75,4.389,1135,1135,14.74,14.73,0.37,0.487
"2025-09-25 01:00:00",637,0,0,0,0,0.168,118.3,0.393,13.65,12.68333,1015.814,-0.028,0,84.1,12.7,-0.15,2.3,0,"013CAMPBELLCLIM50535VUE-500004413",0,10.13,12.34,3.233,1202,1202,13.11,13.11,0.369,0.487
"2025-09-25 02:00:00",638,0,0,0,0,0.55,273.8,1.38,13.68,12.51667,1015.664,-0.02,0,75.7,13.6,-0.167,2.383,0,"013CAMPBELLCLIM50535VUE-500004413",0,10.65,12.49,2.184,1242,1242,12.01,12,0.369,0.487
"2025-09-25 03:00:00",639,0,0,0,0,0.377,96.5,1.112,13.72,12.41667,1015.614,-0.023,0,84.9,12.5,-0.183,2.267,0,"013CAMPBELLCLIM50535VUE-500004413",0,9.59,13.02,1.206,1265,1265,12.12,12.12,0.368,0.487
"2025-09-25 04:00:00",640,0,0,0,0,0.157,142.4,0.378,11.32,11.85,1015.648,-0.027,0,90.7,10.4,-0.133,2.217,0,"013CAMPBELLCLIM50535VUE-500004413",0,8.2,10.16,0.354,1295,1295,10.7,10.7,0.368,0.487
"2025-09-25 05:00:00",641,0,0,0,0,0.342,271.6,0.935,11.07,11.66667,1015.448,-0.024,0,81.5,10.8,-0.117,2.233,0,"013CAMPBELLCLIM50535VUE-500004413",0,8.42,9.79,-0.438,1323,1323,9.64,9.64,0.367,0.487
"2025-09-25 06:00:00",642,0,0,0,0,0.737,277.2,1.86,12.3,11.73333,1015.798,0.009,0.052,81.2,11.5,-0.217,2.25,0,"013CAMPBELLCLIM50535VUE-500004413",0,9.22,11.7,-1.211,1345,1345,9.99,9.99,0.367,0.487
"2025-09-25 07:00:00",643,4.333,0,0,0,0.158,177.7,0.463,10.28,11.25,1016.314,0.004,0.618,93.5,9.3,-0.1,2.35,0.0156,"013CAMPBELLCLIM50535VUE-500004413",0,7.267,9.56,-1.883,1369,1369,9.46,9.46,0.366,0.487
"2025-09-25 08:00:00",644,57.5,0,0,0,0.43,282,1.125,11.57,11.73333,1016.398,0.038,1.399,78.8,12.7,-0.133,2.3,0.207,"013CAMPBELLCLIM50535VUE-500004413",0,9.99,10.55,-2.453,1379,1379,9.17,9.17,0.366,0.487
"2025-09-25 09:00:00",645,251.7,0,0,0,0.608,341.4,1.603,16.03,13,1016.431,0.157,2.104,65.2,20.4,-0.05,2.35,0.906,"013CAMPBELLCLIM50535VUE-500004413",0,17.9,16.44,-2.981,1364,1364,13.05,13.06,0.365,0.487
"2025-09-25 10:00:00",646,407.3,0,0,0,0.648,316.6,1.673,19.37,13.31667,1016.398,0.268,2.665,56.2,24.2,0.05,2.2,1.4664,"013CAMPBELLCLIM50535VUE-500004413",0,24.93,21,-3.242,1353,1353,18.65,18.65,0.365,0.487
"2025-09-25 11:00:00",647,548.3,0,0,0,0.638,2.8,1.678,22.5,13.55,1016.198,0.378,3.028,45.8,27.3,-0.017,2.267,1.974,"013CAMPBELLCLIM50535VUE-500004413",0,31.85,25.27,-3.028,1350,1350,23.57,23.57,0.364,0.487
"2025-09-25 12:00:00",648,649.5,0,0,0,0.755,161.8,2.112,25.45,12.5,1015.614,0.468,3.175,35.8,29.5,0.183,2.233,2.3382,"013CAMPBELLCLIM50535VUE-500004413",0,37.78,29.11,-2.306,1308,1308,27.82,27.82,0.364,0.487
"2025-09-25 13:00:00",649,682.5,0,0,0,0.842,173.7,2.482,27.63,12.26667,1014.714,0.505,3.072,33.5,31.5,0.183,2.2,2.457,"013CAMPBELLCLIM50535VUE-500004413",0,41.8,31.7,-0.928,1268,1268,31.02,31.02,0.364,0.487
"2025-09-25 14:00:00",650,654.3,0,0,0,1.61,176.4,4.07,26.68,13.01667,1014.248,0.494,2.721,37.8,29.1,0.067,2.217,2.3556,"013CAMPBELLCLIM50535VUE-500004413",0,39.55,29.16,1.404,1226,1226,31.83,31.83,0.364,0.487
"2025-09-25 15:00:00",651,589.3,0,0,0,1.657,164.5,4.195,25.75,12.68333,1013.998,0.43,2.18,40.2,28.3,0.2,2.167,2.1216,"013CAMPBELLCLIM50535VUE-500004413",0,38.71,28.13,4.351,1184,1184,31.25,31.25,0.364,0.487
"2025-09-25 16:00:00",652,317.8,0,0,0,1.618,146.6,4.158,24.4,13.76667,1014.048,0.244,1.472,50.9,25.6,0.033,2.15,1.1442,"013CAMPBELLCLIM50535VUE-500004413",0,30.89,25.84,7.041,1148,1148,30.19,30.2,0.364,0.487
"2025-09-25 17:00:00",653,158.5,0,0,0,1.472,166.4,4.178,22.27,14.1,1014.614,0.113,0.697,54.4,23,0,2.217,0.5706,"013CAMPBELLCLIM50535VUE-500004413",0,25.14,22.91,8.99,1123,1123,27.17,27.17,0.365,0.487
"2025-09-25 18:00:00",654,52.17,0,0,0,1.408,134.9,4.082,19.82,13.33333,1015.081,0.016,0.078,59,19.8,-0.033,2.233,0.1878,"013CAMPBELLCLIM50535VUE-500004413",0,20.02,19.85,9.77,1134,1134,23.72,23.72,0.364,0.487
"2025-09-25 19:00:00",655,8.33,0,0,0,1.375,128,4.518,16.78,12.76667,1016.198,0.01,0,70.2,16.2,-0.05,2.217,0.03,"013CAMPBELLCLIM50535VUE-500004413",0,16.05,16.62,9.48,1164,1164,20.3,20.3,0.364,0.487
"2025-09-25 20:00:00",656,0,0,0,0,1.238,122,3.638,14.4,11.98333,1017.081,0.001,0,75.5,13.7,-0.083,2.283,0,"013CAMPBELLCLIM50535VUE-500004413",0,13.24,14.09,8.52,1209,1209,16.97,16.97,0.364,0.487
"2025-09-25 21:00:00",657,0,0,0,0,1.458,149.5,4.322,13.28,11.78333,1018.514,0.001,0,79.6,13,-0.067,2.267,0,"013CAMPBELLCLIM50535VUE-500004413",0,13.04,13.03,7.203,1279,1279,14.84,14.84,0.364,0.487
"2025-09-25 22:00:00",658,0,0,0,0,0.652,307.8,1.945,12.65,11.6,1018.131,-0.01,0,79.6,12.5,-0.167,2.267,0,"013CAMPBELLCLIM50535VUE-500004413",0,12.34,12.28,5.773,1326,1326,13.55,13.55,0.363,0.487
"2025-09-25 23:00:00",659,0,0,0,0,0.765,215.1,2.265,12.22,11.58333,1017.114,-0.009,0,82.8,11.9,-0.183,2.233,0,"013CAMPBELLCLIM50535VUE-500004413",0,11.72,11.89,4.429,1366,1366,12.73,12.73,0.363,0.487
"2025-09-26 00:00:00",660,0,0,0,0,0.33,120,1.09,11.8,11.55,1017.298,-0.016,0,82.9,11.7,-0.217,2.3,0,"013CAMPBELLCLIM50535VUE-500004413",0,11.33,11.2,3.284,1390,1390,11.86,11.86,0.362,0.487
"2025-09-26 01:00:00",661,0,0,0,0,0.583,150.8,1.855,12.05,11.58333,1017.164,-0.012,0,82.2,11.9,-0.1,2.267,0,"013CAMPBELLCLIM50535VUE-500004413",0,11.54,11.64,2.308,1445,1445,11.7,11.7,0.362,0.487
"2025-09-26 02:00:00",662,0,0,0,0,0.572,120.4,1.845,11.77,11.43333,1016.281,-0.012,0,84.1,11.5,-0.067,2.25,0,"013CAMPBELLCLIM50535VUE-500004413",0,11.13,11.39,1.464,1497,1497,11.54,11.55,0.361,0.486
"2025-09-26 03:00:00",663,0,0,0,0,0.51,134,1.69,10.73,11.18333,1016.014,-0.014,0,87.5,10.6,-0.133,2.3,0,"013CAMPBELLCLIM50535VUE-500004413",0,10.41,10.39,0.751,1512,1512,11.01,11.01,0.361,0.486
"2025-09-26 04:00:00",664,0,0,0,0,0.418,118.4,1.272,10.8,11.13333,1015.948,-0.015,0,86,10.7,-0.183,2.2,0,"013CAMPBELLCLIM50535VUE-500004413",0,10.46,10.36,0.117,1527,1527,10.59,10.6,0.36,0.486
"2025-09-26 05:00:00",665,0,0,0,0,0.482,147.9,1.412,11.07,11.01667,1016.831,-0.014,0,83.2,11,-0.217,2.283,0,"013CAMPBELLCLIM50535VUE-500004413",0,10.84,10.69,-0.459,1535,1535,10.59,10.59,0.36,0.487
"2025-09-26 06:00:00",666,0,0,0,0,0.393,127.6,1.313,10.97,11,1018.031,0.005,0.057,85,10.8,-0.167,2.233,0,"013CAMPBELLCLIM50535VUE-500004413",0,10.64,10.68,-0.96,1533,1533,10.7,10.7,0.359,0.486
"2025-09-26 07:00:00",667,4,0,0,0,0.613,154.2,1.793,10.78,11.03333,1019.398,0.008,0.638,85.8,10.8,-0.183,2.3,0.0144,"013CAMPBELLCLIM50535VUE-500004413",0,10.4,10.44,-1.383,1510,1510,10.48,10.49,0.358,0.487
"2025-09-26 08:00:00",668,32.5,0,0,0,0.265,174,0.898,10.82,11.2,1020.314,0.022,1.423,85.8,11.2,-0.2,2.283,0.117,"013CAMPBELLCLIM50535VUE-500004413",0,11.54,10.76,-1.757,1494,1494,10.58,10.59,0.358,0.487
"2025-09-26 09:00:00",669,76.33,0,0,0,0.42,293.7,1.21,11.77,11.58333,1020.381,0.049,2.138,82.5,12.7,-0.117,2.267,0.2748,"013CAMPBELLCLIM50535VUE-500004413",0,13.49,12.01,-2.062,1498,1498,11.3,11.3,0.358,0.487
"2025-09-26 10:00:00",670,274,0,0,0,0.707,349,1.792,13.05,12.01667,1019.998,0.161,2.699,76.4,16.4,-0.033,2.3,0.9864,"013CAMPBELLCLIM50535VUE-500004413",0,17.98,14.14,-2.185,1482,1482,13.11,13.1,0.357,0.487
"2025-09-26 11:00:00",671,316.7,0,0,0,0.858,172,2.467,15.32,11.7,1019.948,0.203,3.069,68.2,17.7,-0.067,2.217,1.14,"013CAMPBELLCLIM50535VUE-500004413",0,21.28,17,-2.051,1466,1466,16.65,16.65,0.357,0.487
"2025-09-26 12:00:00",672,397.2,0,0,0,2.103,221.7,6.328,14.28,11.01667,1021.498,0.244,3.213,67.7,15.1,-0.133,2.233,1.4298,"013CAMPBELLCLIM50535VUE-500004413",0,21.2,15.53,-1.627,1439,1439,17.96,17.96,0.357,0.487
"2025-09-26 13:00:00",673,62,0.867,0,0,1.195,153.7,3.285,11.18,9.816667,1023.531,0.053,3.12,83.7,10.3,-0.15,2.267,0.2232,"013CAMPBELLCLIM50535VUE-500004413",0,12.45,11.26,-0.951,1407,1407,15.32,15.32,0.357,0.487
"2025-09-26 14:00:00",674,44.17,4.148,0,0,0.468,174.3,1.438,9.08,10.55,1025.331,0.027,2.765,94,9.1,-0.167,2.25,0.159,"013CAMPBELLCLIM50535VUE-500004413",0,10.66,8.83,-0.475,1428,1428,11.94,11.94,0.356,0.487
"2025-09-26 15:00:00",675,34.33,6.035,0,0,0.42,123.3,1.313,8.47,10.45,1026.864,0.02,2.216,94.9,8.4,-0.183,2.267,0.1236,"013CAMPBELLCLIM50535VUE-500004413",0,9.81,8.07,-0.776,1434,1434,10.32,10.32,0.366,0.487
"2025-09-26 16:00:00",676,51.33,1.955,0,0,0.728,104.8,2.392,7.55,10.06667,1027.098,0.028,1.511,94,7.3,-0.233,2.35,0.1848,"013CAMPBELLCLIM50535VUE-500004413",0,9.55,7.258,-2.113,1445,1445,9.16,9.16,0.408,0.487
"2025-09-26 17:00:00",677,143.2,0,0,0,0.748,162.1,2.067,7.883,9.8,1026.981,0.047,0.722,90.6,8.9,-0.083,2.317,0.5154,"013CAMPBELLCLIM50535VUE-500004413",0,11.36,7.88,-3.382,1447,1447,8.7,8.7,0.408,0.487
"2025-09-26 18:00:00",678,206,0,0,0,0.9,321.5,2.592,10.03,10.1,1026.998,0.069,0.081,79.4,11.3,-0.167,2.25,0.7416,"013CAMPBELLCLIM50535VUE-500004413",0,11.04,10.39,-3.992,1431,1431,10.83,10.83,0.404,0.487
"2025-09-26 19:00:00",679,8.33,0,0,0,0.36,182.3,1.132,8.62,9.383333,1027.014,0.006,0,91.3,7.6,-0.05,2.317,0.03,"013CAMPBELLCLIM50535VUE-500004413",0,6.331,7.606,-4.064,1425,1425,9.52,9.52,0.401,0.487
"2025-09-26 20:00:00",680,0,0,0,0,0.267,168.4,0.747,6.6,9.150001,1026.714,0.001,0,95.1,5.9,-0.183,2.317,0,"013CAMPBELLCLIM50535VUE-500004413",0,4.93,5.648,-4.159,1423,1423,7.084,7.084,0.399,0.487
"2025-09-26 21:00:00",681,0,0,0,0,0.233,265.6,0.682,6,8.9,1026.114,0.001,0,93.9,5.2,-0.25,2.283,0,"013CAMPBELLCLIM50535VUE-500004413",0,4.46,5.104,-4.645,1458,1458,5.588,5.587,0.397,0.487
"2025-09-26 22:00:00",682,0,0,0,0,0.368,282.3,1.117,6.2,9.033334,1026.031,0.001,0,94.9,5.3,-0.167,2.233,0,"013CAMPBELLCLIM50535VUE-500004413",0,4.292,5.472,-5.357,1481,1481,5.113,5.109,0.395,0.487
"2025-09-26 23:00:00",683,0,0.017,0,0,0.195,328.3,0.527,5.2,8.6,1025.564,0.001,0,97.5,4.2,-0.283,2.233,0,"013CAMPBELLCLIM50535VUE-500004413",0,3.154,4.264,-6.108,1498,1498,4.367,4.364,0.394,0.487
"2025-09-27 00:00:00",684,0,0.017,0,0,0.142,294.1,0.338,4.067,8.016666,1024.848,0,0,98,3.3,-0.233,2.283,0,"013CAMPBELLCLIM50535VUE-500004413",0,2.36,2.979,-6.808,1513,1513,3.296,3.296,0.393,0.487
"2025-09-27 01:00:00",685,0,0.017,0,0,0.128,231.7,0.322,3.4,7.616667,1024.614,0,0,98.5,2.8,-0.267,2.233,0,"013CAMPBELLCLIM50535VUE-500004413",0,1.954,2.377,-7.494,1510,1510,2.478,2.48,0.391,0.487
"2025-09-27 02:00:00",686,0,0.017,0,0,0.39,289.6,0.842,3.65,7.583333,1024.281,0.001,0,96.6,3.6,-0.267,2.367,0,"013CAMPBELLCLIM50535VUE-500004413",0,2.728,2.873,-8.17,1509,1509,2.105,2.102,0.39,0.487
"2025-09-27 03:00:00",687,0,0.017,0,0,0.35,198.4,0.803,4.2,8.15,1023.998,0,0,99.1,3.9,-0.25,2.317,0,"013CAMPBELLCLIM50535VUE-500004413",0,3.843,3.826,-8.78,1519,1519,2.84,2.841,0.389,0.487
"2025-09-27 04:00:00",688,0,0.017,0,0,0.198,261.7,0.523,4.383,8.283333,1023.564,0,0,99.8,4.1,-0.233,2.3,0,"013CAMPBELLCLIM50535VUE-500004413",0,4.085,3.881,-9.23,1520,1520,3.241,3.244,0.388,0.487
"2025-09-27 05:00:00",689,0,0.017,0,0,0.205,289.1,0.532,4.367,8.2,1023.181,0,0,97.9,3.8,-0.25,2.267,0,"013CAMPBELLCLIM50535VUE-500004413",0,3.428,3.689,-9.48,1523,1523,3.262,3.26,0.388,0.487
"2025-09-27 06:00:00",690,0,0,0,0,0.262,200.4,0.685,4.05,8.05,1023.331,0.001,0.062,99.3,3.6,-0.25,2.3,0,"013CAMPBELLCLIM50535VUE-500004413",0,2.89,3.52,-9.62,1534,1534,3.138,3.137,0.387,0.487
"2025-09-27 07:00:00",691,5,0.017,0,0,0.137,296.9,0.347,2.95,7.483334,1023.031,0.003,0.67,97.5,2.2,-0.233,2.25,0.018,"013CAMPBELLCLIM50535VUE-500004413",0,1.487,1.927,-9.79,1517,1517,2.235,2.236,0.386,0.487
"2025-09-27 08:00:00",692,81.5,0.017,0,0,0.302,314.9,0.778,4.367,8.133333,1023.064,0.039,1.468,100,6,-0.333,2.333,0.2934,"013CAMPBELLCLIM50535VUE-500004413",0,3.806,4.24,-10.02,1519,1519,2.536,2.544,0.386,0.488
"2025-09-27 09:00:00",693,280.5,0,0,0,0.558,325,1.252,7.7,10.48333,1022.948,0.13,2.169,99.2,11.2,-0.233,2.317,1.0098,"013CAMPBELLCLIM50535VUE-500004413",0,10.01,7.906,-10.31,1532,1532,5.709,5.709,0.385,0.488
"2025-09-27 10:00:00",694,441.5,0,0,0,0.767,319,1.825,10.33,10.66667,1022.248,0.223,2.735,75.4,14,-0.083,2.317,1.5894,"013CAMPBELLCLIM50535VUE-500004413",0,15.7,11.76,-10.41,1541,1541,10.16,10.16,0.385,0.488
"2025-09-27 11:00:00",695,587,0,0,0,0.628,303.3,1.693,12.92,10.18333,1021.864,0.324,3.108,64.8,17.1,-0.117,2.183,2.1132,"013CAMPBELLCLIM50535VUE-500004413",0,21.18,15.82,-10.05,1534,1534,14.44,14.44,0.384,0.488
"2025-09-27 12:00:00",696,682.2,0,0,0,0.795,177.1,2.243,15.38,9.833333,1021.648,0.399,3.246,53.5,18.9,-0.183,2.3,2.4558,"013CAMPBELLCLIM50535VUE-500004413",0,26.74,19.67,-9.22,1548,1548,18.08,18.08,0.383,0.488
"2025-09-27 13:00:00",697,720.3,0,0,0,0.793,166.3,2.475,17.75,9.366667,1020.981,0.442,3.142,41.6,21.2,-0.05,2.283,2.5932,"013CAMPBELLCLIM50535VUE-500004413",0,31.3,22.44,-7.829,1545,1545,20.85,20.85,0.383,0.488
"2025-09-27 14:00:00",698,698.5,0,0,0,0.887,149.4,2.633,19.9,8.633333,1020.164,0.443,2.805,35.7,23.2,0.05,2.167,2.5146,"013CAMPBELLCLIM50535VUE-500004413",0,34.25,24.48,-5.691,1543,1543,23.3,23.3,0.383,0.488
"2025-09-27 15:00:00",699,618.2,0,0,0,0.855,138.6,2.643,21.25,8.6,1019.564,0.39,2.249,34.1,24.5,0.017,2.2,2.2254,"013CAMPBELLCLIM50535VUE-500004413",0,35.3,25.3,-2.888,1528,1528,25.08,25.08,0.382,0.488
"2025-09-27 16:00:00",700,496,0,0,0,0.748,127.9,2.487,22.07,8.4,1018.881,0.306,1.536,31.6,25.4,0.05,2.2,1.7856,"013CAMPBELLCLIM50535VUE-500004413",0,33.65,26.17,0.153,1512,1512,26.34,26.34,0.382,0.488
"2025-09-27 17:00:00",701,343.3,0,0,0,0.68,322.2,1.893,22.85,8.083333,1018.248,0.198,0.74,27,25.5,0.017,2.167,1.236,"013CAMPBELLCLIM50535VUE-500004413",0,29.3,25.7,2.848,1497,1497,26.8,26.8,0.381,0.488
"2025-09-27 18:00:00",702,159.5,0,0,0,0.637,184.2,1.96,21.97,8.416667,1018.098,0.065,0.084,35.3,22.7,0,2.133,0.5742,"013CAMPBELLCLIM50535VUE-500004413",0,20.54,22.61,4.608,1494,1494,25.51,25.51,0.382,0.488
"2025-09-27 19:00:00",703,9.17,0,0,0,0.295,78.6,0.895,18.23,9.416666,1018.398,-0.023,0,59,16.5,-0.017,2.233,0.033,"013CAMPBELLCLIM50535VUE-500004413",0,13.28,17.18,5.064,1497,1497,21.23,21.23,0.381,0.488
"2025-09-27 20:00:00",704,0,0,0,0,0.188,141,0.595,13.78,10.6,1018.598,-0.028,0,74.4,12.6,-0.15,2.317,0,"013CAMPBELLCLIM50535VUE-500004413",0,10.07,12.28,4.552,1513,1513,16.28,16.29,0.381,0.488
"2025-09-27 21:00:00",705,0,0,0,0,0.108,119.5,0.352,11.25,10.95,1018.414,-0.028,0,85.8,10.3,-0.067,2.317,0,"013CAMPBELLCLIM50535VUE-500004413",0,8.5,9.66,3.458,1561,1561,12.74,12.75,0.381,0.488
"2025-09-27 22:00:00",706,0,0,0,0,0.14,185.7,0.375,9.77,10.71667,1018.114,-0.027,0,88.9,8.9,-0.133,2.233,0,"013CAMPBELLCLIM50535VUE-500004413",0,7.632,8.38,2.132,1597,1597,10.32,10.32,0.381,0.488
"2025-09-27 23:00:00",707,0,0,0,0,0.133,202.7,0.307,8.67,10.33333,1017.614,-0.026,0,92.6,7.8,-0.233,2.267,0,"013CAMPBELLCLIM50535VUE-500004413",0,6.725,7.341,0.803,1626,1626,8.59,8.58,0.38,0.488
"2025-09-28 00:00:00",708,0,0,0,0,0.128,202.9,0.292,7.867,10,1017.114,-0.026,0,94.8,7.1,-0.2,2.183,0,"013CAMPBELLCLIM50535VUE-500004413",0,6.077,6.607,-0.444,1653,1653,7.389,7.39,0.38,0.488
"2025-09-28 01:00:00",709,0,0,0,0,0.123,215.3,0.267,7,9.616667,1016.564,-0.025,0,95.1,6.2,-0.183,2.267,0,"013CAMPBELLCLIM50535VUE-500004413",0,5.292,5.682,-1.579,1677,1677,6.402,6.401,0.38,0.488
"2025-09-28 02:00:00",710,0,0,0,0,0.162,68.6,0.392,6.55,9.366667,1016.464,-0.025,0,96.6,5.9,-0.2,2.3,0,"013CAMPBELLCLIM50535VUE-500004413",0,4.955,5.473,-2.607,1718,1718,5.694,5.689,0.38,0.487
"2025-09-28 03:00:00",711,0,0,0,0,0.158,201.3,0.413,6.117,9.2,1016.298,-0.024,0,98.1,5.5,-0.217,2.35,0,"013CAMPBELLCLIM50535VUE-500004413",0,4.646,5.198,-3.536,1743,1743,5.159,5.16,0.379,0.487
"2025-09-28 04:00:00",712,0,0,0,0,0.345,265.5,0.85,6.683,9.283333,1015.998,-0.023,0,98.1,6.3,-0.117,2.267,0,"013CAMPBELLCLIM50535VUE-500004413",0,4.857,5.769,-4.366,1776,1776,4.94,4.944,0.379,0.487
"2025-09-28 05:00:00",713,0,0.017,0,0,0.233,257.5,0.502,6.017,9.133333,1015.981,-0.024,0,92.2,5.3,-0.233,2.25,0,"013CAMPBELLCLIM50535VUE-500004413",0,4.321,5.165,-5.103,1796,1796,4.786,4.787,0.379,0.487
"2025-09-28 06:00:00",714,0,0.017,0,0,0.245,231.7,0.588,6.25,9.266666,1016.098,0.001,0.067,99.1,5.4,-0.25,2.283,0,"013CAMPBELLCLIM50535VUE-500004413",0,4.308,5.399,-5.727,1801,1801,4.741,4.742,0.378,0.487
"2025-09-28 07:00:00",715,12.33,0,0,0,0.153,154,0.375,5.433,8.816667,1016.081,0.007,0.683,97.3,5.2,-0.2,2.25,0.0444,"013CAMPBELLCLIM50535VUE-500004413",0,4.485,4.61,-6.274,1802,1802,4.312,4.315,0.378,0.487
"2025-09-28 08:00:00",716,83.5,0.017,0,0,0.165,92,0.387,7.35,10.06667,1016.431,0.045,1.472,97.6,9.4,-0.167,2.283,0.3006,"013CAMPBELLCLIM50535VUE-500004413",0,7.045,6.976,-6.745,1839,1839,5.078,5.079,0.378,0.488
"2025-09-28 09:00:00",717,275.7,0,0,0,0.463,333.6,1.21,12.77,11.46667,1016.748,0.155,2.179,67.6,17,-0.133,2.283,0.9924,"013CAMPBELLCLIM50535VUE-500004413",0,14.38,13.1,-7.082,1855,1855,8.89,8.89,0.377,0.488
"2025-09-28 10:00:00",718,429.7,0,0,0,0.57,345.5,1.378,16.28,10.9,1016.798,0.263,2.752,53.8,20.9,-0.1,2.3,1.5468,"013CAMPBELLCLIM50535VUE-500004413",0,21.21,18.21,-7.119,1848,1848,14.53,14.52,0.377,0.488
"2025-09-28 11:00:00",719,560.7,0,0,0,0.613,144,1.482,18.93,10.73333,1016.498,0.361,3.118,44.6,23.1,0.017,2.183,2.0184,"013CAMPBELLCLIM50535VUE-500004413",0,27.03,22.09,-6.691,1858,1858,19.77,19.77,0.377,0.488
"2025-09-28 12:00:00",720,675.8,0,0,0,0.837,298.5,2.33,21.1,10.56667,1015.964,0.452,3.253,40.5,25.1,0,2.283,2.433,"013CAMPBELLCLIM50535VUE-500004413",0,32.48,24.65,-5.856,1850,1850,23.57,23.57,0.376,0.488
"2025-09-28 13:00:00",721,712.5,0,0,0,0.842,168.9,2.01,23.25,10.21667,1015.614,0.49,3.145,33.1,27,0.033,2.233,2.565,"013CAMPBELLCLIM50535VUE-500004413",0,36.98,27.1,-4.486,1829,1829,26.37,26.37,0.376,0.488
"2025-09-28 14:00:00",722,695.5,0,0,0,0.927,130.6,2.757,24.58,9.95,1015.364,0.483,2.801,33.2,28,0.117,2.083,2.5038,"013CAMPBELLCLIM50535VUE-500004413",0,39.3,28.58,-2.239,1816,1816,28.53,28.53,0.376,0.488
"2025-09-28 15:00:00",723,618.2,0,0,0,1.012,187.3,2.907,25.53,9.283334,1014.764,0.426,2.256,26,28.9,0.067,2.167,2.2254,"013CAMPBELLCLIM50535VUE-500004413",0,39.25,28.92,0.794,1794,1794,30.01,30.02,0.376,0.488
"2025-09-28 16:00:00",724,483.2,0,0,0,0.978,155.8,3.065,25.75,9.833333,1014.464,0.327,1.536,32.4,28.6,0.083,2.233,1.7394,"013CAMPBELLCLIM50535VUE-500004413",0,36.5,28.54,3.987,1768,1768,30.68,30.68,0.376,0.488
"2025-09-28 17:00:00",725,336.8,0,0,0,1.137,156.5,3.265,24.63,11.23333,1014.714,0.223,0.737,38.6,26.6,0.2,2.167,1.2126,"013CAMPBELLCLIM50535VUE-500004413",0,31.34,26.57,6.663,1742,1742,29.7,29.7,0.377,0.488
"2025-09-28 18:00:00",726,142.3,0,0,0,1.1,120,3.41,22.62,11.08333,1015.448,0.077,0.088,43,23,0,2.167,0.5124,"013CAMPBELLCLIM50535VUE-500004413",0,22.69,23.06,8.25,1706,1706,27.13,27.13,0.376,0.488
"2025-09-28 19:00:00",727,14.5,0,0,0,0.63,58.4,1.968,20.3,11.15,1016.181,-0.007,0,52.1,19.5,-0.117,2.283,0.0522,"013CAMPBELLCLIM50535VUE-500004413",0,17.07,19.74,8.52,1679,1679,23.06,23.06,0.376,0.488
"2025-09-28 20:00:00",728,0,0,0,0,0.235,137,0.617,17.47,11.71667,1016.648,-0.028,0,62.2,16.3,-0.033,2.25,0,"013CAMPBELLCLIM50535VUE-500004413",0,13.58,16.2,7.86,1685,1685,19.22,19.22,0.376,0.487
"2025-09-28 21:00:00",729,0,0,0,0,0.195,88.5,0.498,15.47,12.11667,1017.148,-0.028,0,75.3,14.5,-0.167,2.183,0,"013CAMPBELLCLIM50535VUE-500004413",0,12.18,14.14,6.699,1733,1733,16.31,16.31,0.376,0.487
"2025-09-28 22:00:00",730,0,0,0,0,0.307,124,0.798,14.57,12.38333,1017.464,-0.025,0,66.1,14.2,-0.133,2.233,0,"013CAMPBELLCLIM50535VUE-500004413",0,12.45,13.34,5.325,1750,1750,14.39,14.39,0.375,0.487
"2025-09-28 23:00:00",731,0,0,0,0,0.262,81.3,0.74,15.25,12.4,1017.748,-0.026,0,75.5,14.5,-0.117,2.217,0,"013CAMPBELLCLIM50535VUE-500004413",0,12.51,14.4,3.989,1770,1770,14.1,14.11,0.375,0.487
"2025-09-29 00:00:00",732,0,0,0,0,0.148,142.7,0.435,13.85,12.61667,1017.831,-0.028,0,82,13.1,-0.1,2.217,0,"013CAMPBELLCLIM50535VUE-500004413",0,11.51,12.85,2.839,1795,1795,13.3,13.29,0.375,0.487
"2025-09-29 01:00:00",733,0,0,0,0,0.385,121.1,1.075,13.75,12.71667,1017.531,-0.023,0,80.1,13.5,-0.217,2.3,0,"013CAMPBELLCLIM50535VUE-500004413",0,11.83,12.99,1.885,1832,1832,12.67,12.67,0.374,0.487
"2025-09-29 02:00:00",734,0,0,0,0,0.327,160.6,1.018,13.78,12.9,1018.098,-0.025,0,84.6,13.2,-0.117,2.3,0,"013CAMPBELLCLIM50535VUE-500004413",0,11.68,13.17,1.052,1849,1849,12.65,12.66,0.374,0.487
"2025-09-29 03:00:00",735,0,0,0,0,0.325,282.2,0.888,13.4,12.71667,1017.648,-0.025,0,81.8,12.8,-0.067,2.217,0,"013CAMPBELLCLIM50535VUE-500004413",0,11.56,12.74,0.375,1862,1862,12.34,12.34,0.373,0.487
"2025-09-29 04:00:00",736,0,0,0,0,0.46,51.4,1.253,12.95,12.73333,1018.048,-0.022,0,86.6,12.4,-0.183,2.25,0,"013CAMPBELLCLIM50535VUE-500004413",0,11.29,12.56,-0.196,1884,1884,12.18,12.18,0.373,0.487
"2025-09-29 05:00:00",737,0,0,0,0,0.21,80.9,0.713,12.25,12.53333,1018.164,-0.026,0,90.2,11.9,-0.233,2.317,0,"013CAMPBELLCLIM50535VUE-500004413",0,10.85,11.61,-0.679,1904,1904,11.71,11.71,0.373,0.487
"2025-09-29 06:00:00",738,0,0,0,0,0.153,68.2,0.418,11.82,12.51667,1018.681,0.002,0.072,91.5,11.5,-0.083,2.267,0,"013CAMPBELLCLIM50535VUE-500004413",0,10.84,11.2,-1.101,1942,1942,11.34,11.34,0.373,0.487
"2025-09-29 07:00:00",739,2.667,0,0,0,0.207,62.8,0.507,11.97,12.81667,1019.331,0.003,0.687,91.3,11.9,-0.2,2.333,0.0096,"013CAMPBELLCLIM50535VUE-500004413",0,11.33,11.32,-1.489,1960,1960,11.19,11.19,0.372,0.487
"2025-09-29 08:00:00",740,42,0,0,0,0.32,212.4,0.808,12.87,13.18333,1020.081,0.028,1.469,88.3,13.2,-0.233,2.217,0.1512,"013CAMPBELLCLIM50535VUE-500004413",0,13.08,12.72,-1.818,1950,1950,11.73,11.73,0.372,0.487
"2025-09-29 09:00:00",741,56.67,0,0,0,0.437,291.1,1.252,13.47,13.33333,1020.981,0.039,2.182,86.1,13.9,-0.2,2.233,0.204,"013CAMPBELLCLIM50535VUE-500004413",0,13.69,13.65,-2.026,1932,1932,12.69,12.69,0.372,0.487
"2025-09-29 10:00:00",742,93.5,0,0,0,0.445,167.3,1.167,13.77,13.41667,1021.364,0.062,2.742,84.9,14.6,-0.1,2.367,0.3366,"013CAMPBELLCLIM50535VUE-500004413",0,15.1,14.28,-2.021,1930,1930,13.5,13.5,0.372,0.487
"2025-09-29 11:00:00",743,164.8,0,0,0,0.585,172.1,1.598,14.32,13.46667,1021.348,0.108,3.102,80.9,16.1,-0.1,2.267,0.5934,"013CAMPBELLCLIM50535VUE-500004413",0,17.82,15.39,-1.87,1936,1936,14.62,14.62,0.372,0.488
"2025-09-29 12:00:00",744,237.7,0,0,0,0.48,150.9,1.477,15.47,13.56667,1021.048,0.156,3.23,75.8,17.9,0.033,2.25,0.8556,"013CAMPBELLCLIM50535VUE-500004413",0,20.95,17.56,-1.577,1929,1929,16.39,16.39,0.372,0.488
"2025-09-29 13:00:00",745,570.8,0,0,0,0.65,314.1,1.612,17.75,13.51667,1020.298,0.354,3.119,58.8,22,-0.083,2.283,2.055,"013CAMPBELLCLIM50535VUE-500004413",0,30.25,21.21,-1.031,1932,1932,19.18,19.18,0.371,0.488
"2025-09-29 14:00:00",746,694.5,0,0,0,0.808,35,2.093,20.38,12.83333,1019.764,0.441,2.78,51.9,24.5,-0.033,2.167,2.5002,"013CAMPBELLCLIM50535VUE-500004413",0,36.29,24.41,-0.04,1949,1949,23.05,23.05,0.371,0.487
"2025-09-29 15:00:00",747,604.8,0,0,0,0.797,153.6,2.1,21.82,12.96667,1019.098,0.384,2.229,49.2,25.7,-0.017,2.05,2.1774,"013CAMPBELLCLIM50535VUE-500004413",0,37.37,25.62,1.905,1930,1930,25.77,25.77,0.371,0.487
"2025-09-29 16:00:00",748,469.8,0,0,0,0.863,183.1,2.783,22.67,13.45,1018.631,0.296,1.521,50.3,26,0.033,2.117,1.6914,"013CAMPBELLCLIM50535VUE-500004413",0,34.58,25.88,4.584,1902,1902,27.23,27.24,0.371,0.487
"2025-09-29 17:00:00",749,343.5,0,0,0,1.157,155.3,3.068,22.23,13.9,1018.614,0.213,0.738,50.8,24.5,0.1,2.167,1.2366,"013CAMPBELLCLIM50535VUE-500004413",0,30.02,24.38,7.05,1894,1894,27.12,27.12,0.371,0.487
"2025-09-29 18:00:00",750,144.8,0,0,0,0.88,156.5,2.427,21.23,12.6,1018.914,0.065,0.091,49.5,21.9,-0.117,2.183,0.5214,"013CAMPBELLCLIM50535VUE-500004413",0,22.17,21.78,8.49,1862,1862,25.33,25.33,0.371,0.487
"2025-09-29 19:00:00",751,21.33,0,0,0,0.517,112.9,1.75,19.33,12.5,1019.431,-0.01,0,59.9,18.7,-0.117,2.3,0.0768,"013CAMPBELLCLIM50535VUE-500004413",0,17.12,18.83,8.61,1833,1833,21.89,21.89,0.371,0.487
"2025-09-29 20:00:00",752,0,0,0,0,0.458,134,1.375,17.47,13.13333,1020.231,-0.02,0,69.6,16.8,-0.117,2.25,0,"013CAMPBELLCLIM50535VUE-500004413",0,14.9,16.66,7.838,1816,1816,18.85,18.84,0.37,0.487
"2025-09-29 21:00:00",753,0,0,0,0,0.342,132.7,1.352,16.15,13.58333,1020.698,-0.024,0,75.5,15.5,-0.133,2.217,0,"013CAMPBELLCLIM50535VUE-500004413",0,13.79,15.34,6.682,1848,1848,16.74,16.74,0.37,0.487
"2025-09-29 22:00:00",754,0,0,0,0,0.395,81.3,1.515,15.15,13.6,1021.014,-0.023,0,81.9,14.4,-0.167,2.283,0,"013CAMPBELLCLIM50535VUE-500004413",0,12.92,14.45,5.431,1883,1883,15.29,15.29,0.37,0.487
"2025-09-29 23:00:00",755,0,0,0,0,0.143,21.5,0.412,13.83,13.5,1020.981,-0.028,0,87.4,13.1,-0.183,2.167,0,"013CAMPBELLCLIM50535VUE-500004413",0,11.82,12.89,4.249,1925,1925,13.9,13.9,0.37,0.487
"2025-09-30 00:00:00",756,0,0,0,0,0.188,3.8,0.523,12.97,13.25,1020.681,-0.027,0,88.4,12.5,-0.15,2.217,0,"013CAMPBELLCLIM50535VUE-500004413",0,11.31,11.99,3.162,1958,1958,12.72,12.72,0.369,0.487
"2025-09-30 01:00:00",757,0,0,0,0,0.158,29.9,0.352,12.8,13.05,1020.514,-0.027,0,88.7,12.4,-0.167,2.3,0,"013CAMPBELLCLIM50535VUE-500004413",0,11.69,12.03,2.159,1978,1978,12.21,12.2,0.369,0.487
"2025-09-30 02:00:00",758,0,0,0,0,0.145,352.1,0.395,12.52,13.01667,1020.281,-0.028,0,91.7,12.2,-0.217,2.2,0,"013CAMPBELLCLIM50535VUE-500004413",0,11.64,11.86,1.285,2014,2014,11.94,11.94,0.369,0.487
"2025-09-30 03:00:00",759,0,0,0,0,0.11,34.1,0.352,11.88,12.83333,1019.948,-0.028,0,92.4,11.6,-0.183,2.25,0,"013CAMPBELLCLIM50535VUE-500004413",0,10.88,10.98,0.568,2032,2032,11.51,11.51,0.368,0.487
"2025-09-30 04:00:00",760,0,0,0,0,0.263,284,0.623,11.58,12.48333,1019.381,-0.026,0,88.6,11.2,-0.1,2.267,0,"013CAMPBELLCLIM50535VUE-500004413",0,10.42,10.78,-0.037,2068,2068,10.98,10.98,0.368,0.487
"2025-09-30 05:00:00",761,0,0,0,0,0.187,243.5,0.482,11.35,12.31667,1018.964,-0.027,0,93.4,10.8,-0.217,2.2,0,"013CAMPBELLCLIM50535VUE-500004413",0,10.21,10.79,-0.6,2081,2081,10.71,10.71,0.368,0.487
"2025-09-30 06:00:00",762,0,0,0,0,0.095,278.8,0.263,10.6,12.2,1018.814,0.001,0.078,97.2,10.1,-0.2,2.317,0,"013CAMPBELLCLIM50535VUE-500004413",0,9.47,9.82,-1.14,2087,2087,10.21,10.21,0.367,0.487
"2025-09-30 07:00:00",763,8,0,0,0,0.083,127.7,0.207,9.97,12,1018.914,0.005,0.709,98.4,9.8,-0.267,2.183,0.0288,"013CAMPBELLCLIM50535VUE-500004413",0,9.53,9.21,-1.628,2092,2092,9.62,9.62,0.367,0.487
"2025-09-30 08:00:00",764,100,0,0,0,0.235,182.2,0.68,11.73,13.11667,1019.098,0.06,1.49,90,14,-0.25,2.167,0.36,"013CAMPBELLCLIM50535VUE-500004413",0,12.5,11.55,-2.103,2076,2076,10.29,10.29,0.367,0.487
"2025-09-30 09:00:00",765,251.2,0,0,0,0.488,353.3,1.258,15.02,14.06667,1019.281,0.151,2.194,78.6,19.2,-0.117,2.283,0.9042,"013CAMPBELLCLIM50535VUE-500004413",0,16.95,15.64,-2.443,2011,2011,13.52,13.52,0.367,0.487
"2025-09-30 10:00:00",766,415.5,0,0,0,0.625,351.3,1.623,17.2,14.28333,1019.214,0.257,2.752,70.5,21.7,-0.05,2.25,1.4958,"013CAMPBELLCLIM50535VUE-500004413",0,23.08,18.98,-2.505,2028,2028,17.81,17.81,0.367,0.488
"2025-09-30 11:00:00",767,552.5,0,0,0,0.708,195,2.157,19.28,14.58333,1018.931,0.356,3.107,63.1,23.4,-0.033,2.233,1.989,"013CAMPBELLCLIM50535VUE-500004413",0,27.93,22,-2.267,2021,2021,21.61,21.6,0.367,0.488
"2025-09-30 12:00:00",768,651.8,0,0,0,0.89,328.2,2.222,21.18,14.7,1018.448,0.433,3.233,56.3,25,0.017,2.217,2.3466,"013CAMPBELLCLIM50535VUE-500004413",0,33.09,24.25,-1.693,2032,2032,24.62,24.62,0.366,0.487
"2025-09-30 13:00:00",769,695,0,0,0,0.87,115.3,2.313,23.33,14.46667,1017.864,0.478,3.122,47.3,27.1,-0.1,2.133,2.502,"013CAMPBELLCLIM50535VUE-500004413",0,37.86,26.64,-0.627,2031,2031,26.98,26.98,0.366,0.487
"2025-09-30 14:00:00",770,674.5,0,0,0,0.89,166.9,2.725,24.9,13.75,1017.148,0.471,2.785,41.3,28.3,-0.017,2.167,2.4282,"013CAMPBELLCLIM50535VUE-500004413",0,40.27,28.54,1.285,2015,2015,29.1,29.1,0.366,0.487
"2025-09-30 15:00:00",771,609,0,0,0,1.148,154.6,2.963,25.43,11.9,1016.481,0.425,2.252,32.8,28.4,0.017,2.1,2.1924,"013CAMPBELLCLIM50535VUE-500004413",0,38.91,28.47,4.057,2016,2016,30.18,30.18,0.366,0.487
"2025-09-30 16:00:00",772,497.3,0,0,0,1.158,166.9,3.507,25.83,10.73333,1016.098,0.345,1.552,34.7,28.5,0.067,2.2,1.7904,"013CAMPBELLCLIM50535VUE-500004413",0,37.24,28.29,6.976,1989,1989,30.6,30.6,0.366,0.487
"2025-09-30 17:00:00",773,340.3,0,0,0,1.04,166.9,3.1,25.42,11.45,1016.181,0.224,0.756,36.2,27.8,0.167,2.15,1.2252,"013CAMPBELLCLIM50535VUE-500004413",0,32.43,27.27,9.29,1952,1952,30.08,30.08,0.367,0.488
"2025-09-30 18:00:00",774,150.2,0,0,0,0.887,165.4,2.652,24.63,11.91667,1016.564,0.077,0.095,42.3,25.2,0.017,2.217,0.5406,"013CAMPBELLCLIM50535VUE-500004413",0,24.62,25.18,10.45,1922,1922,28.38,28.38,0.367,0.488
"2025-09-30 19:00:00",775,11,0,0,0,0.637,119.2,2.023,22.05,13.08333,1017.048,-0.007,0,52.5,21.1,-0.017,2.217,0.0396,"013CAMPBELLCLIM50535VUE-500004413",0,19.02,21.46,10.33,1890,1890,24.53,24.54,0.366,0.487
"2025-09-30 20:00:00",776,0,0,0,0,0.443,71.3,1.365,19.43,12.85,1017.648,-0.02,0,56.8,18,-0.067,2.233,0,"013CAMPBELLCLIM50535VUE-500004413",0,15.42,18.56,9.43,1901,1901,20.91,20.92,0.366,0.487
"2025-09-30 21:00:00",777,0,0,0,0,0.177,81.1,0.557,16.5,11.6,1018.198,-0.029,0,66.2,15.2,-0.15,2.3,0,"013CAMPBELLCLIM50535VUE-500004413",0,12.44,15.06,8.17,1925,1925,17.54,17.54,0.366,0.487
"2025-09-30 22:00:00",778,0,0,0,0,0.158,75,0.45,14.1,11.36667,1018.464,-0.029,0,69.2,13.3,-0.2,2.283,0,"013CAMPBELLCLIM50535VUE-500004413",0,10.94,12.48,6.729,1948,1948,14.55,14.55,0.365,0.487
"2025-09-30 23:00:00",779,0,0,0,0,0.118,177.2,0.322,12.38,10.9,1018.298,-0.029,0,79,11.4,-0.1,2.233,0,"013CAMPBELLCLIM50535VUE-500004413",0,9.57,11.11,5.218,1970,1970,12.46,12.46,0.365,0.487
"2025-10-01 00:00:00",780,0,0,0,0,0.092,309.3,0.232,10.78,10.98333,1018.281,-0.028,0,88,9.9,-0.317,2.233,0,"013CAMPBELLCLIM50535VUE-500004413",0,8.68,9.18,3.76,2009,2009,10.61,10.62,0.365,0.487
"2025-10-01 01:00:00",781,0,0,0,0,0.09,252.7,0.187,9.73,10.7,1018.098,-0.028,0,90.7,9,-0.117,2.267,0,"013CAMPBELLCLIM50535VUE-500004413",0,8.05,8.26,2.406,2033,2033,9.25,9.26,0.364,0.487
"2025-10-01 02:00:00",782,0,0,0,0,0.107,252,0.202,9.05,10.51667,1017.698,-0.027,0,92.2,8.5,-0.3,2.233,0,"013CAMPBELLCLIM50535VUE-500004413",0,7.607,7.589,1.176,2037,2037,8.27,8.28,0.364,0.487
"2025-10-01 03:00:00",783,0,0,0,0,0.14,212.1,0.362,9.12,10.66667,1017.414,-0.026,0,94.6,8.4,-0.233,2.217,0,"013CAMPBELLCLIM50535VUE-500004413",0,7.419,7.854,0.068,2064,2064,7.768,7.767,0.364,0.487
"2025-10-01 04:00:00",784,0,0,0,0,0.138,265.9,0.368,8.5,10.55,1017.214,-0.026,0,95,7.9,-0.3,2.233,0,"013CAMPBELLCLIM50535VUE-500004413",0,7.069,7.372,-0.914,2072,2072,7.333,7.329,0.363,0.487
"2025-10-01 05:00:00",785,0,0,0,0,0.21,207.5,0.563,9.18,10.66667,1017.048,-0.025,0,95,8.1,-0.233,2.267,0,"013CAMPBELLCLIM50535VUE-500004413",0,7.036,8.01,-1.784,2072,2072,7.264,7.264,0.363,0.487
"2025-10-01 06:00:00",786,0,0,0,0,0.18,227.4,0.412,8.72,10.5,1017.081,0.001,0.085,96,8,-0.2,2.25,0,"013CAMPBELLCLIM50535VUE-500004413",0,6.606,7.576,-2.547,2088,2088,6.996,6.995,0.362,0.487
"2025-10-01 07:00:00",787,7,0,0,0,0.11,141.9,0.238,7.717,10.16667,1017.231,0.005,0.734,97,7.3,-0.2,2.267,0.0252,"013CAMPBELLCLIM50535VUE-500004413",0,6.298,6.671,-3.222,2088,2088,6.5,6.504,0.362,0.487
"2025-10-01 08:00:00",788,86,0.017,0,0,0.312,118.5,0.803,10.95,11.63333,1017.281,0.052,1.52,82.5,13.3,-0.233,2.183,0.3096,"013CAMPBELLCLIM50535VUE-500004413",0,9.88,10.37,-3.834,2131,2131,7.523,7.521,0.362,0.487
"2025-10-01 09:00:00",789,278.7,0,0,0,0.36,128.3,1.14,16.2,12.81667,1017.481,0.172,2.225,62.5,21.1,-0.167,2.2,1.0032,"013CAMPBELLCLIM50535VUE-500004413",0,16.97,17,-4.314,2147,2147,12.05,12.05,0.361,0.487
"2025-10-01 10:00:00",790,440.8,0,0,0,0.51,87.5,1.47,20.15,12.78333,1017.664,0.293,2.787,49.2,24.8,-0.067,2.233,1.587,"013CAMPBELLCLIM50535VUE-500004413",0,24.79,22.32,-4.452,2133,2133,18.51,18.5,0.361,0.487
"2025-10-01 11:00:00",791,567.8,0,0,0,0.778,162.9,2.27,22.75,12.53333,1017.631,0.397,3.15,43.1,26.6,-0.05,2.167,2.0442,"013CAMPBELLCLIM50535VUE-500004413",0,29.97,25.56,-4.115,2123,2123,23.73,23.72,0.36,0.488
"2025-10-01 12:00:00",792,662.5,0,0,0,0.842,141.5,2.31,24.72,12.55,1017.498,0.475,3.276,38.4,28.4,0.033,2.233,2.385,"013CAMPBELLCLIM50535VUE-500004413",0,35.2,27.87,-3.31,2136,2136,27.36,27.36,0.36,0.487
"2025-10-01 13:00:00",793,715.7,0,0,0,0.808,132.7,2.24,26.8,11.63333,1017.231,0.521,3.172,29.4,30.6,0.05,2.167,2.5764,"013CAMPBELLCLIM50535VUE-500004413",0,40.12,30.34,-1.984,2143,2143,30.07,30.06,0.361,0.487
"2025-10-01 14:00:00",794,700.7,0,0,0,0.855,135.1,2.268,28.05,10.71667,1016.714,0.511,2.834,27.2,31.7,-0.067,2.217,2.5224,"013CAMPBELLCLIM50535VUE-500004413",0,43.22,31.76,0.079,2104,2104,32.31,32.31,0.361,0.487
"2025-10-01 15:00:00",795,620.7,0,0,0,0.963,119.3,3.075,29.32,10.53333,1016.331,0.452,2.279,23.3,32.5,0.05,2.183,2.2344,"013CAMPBELLCLIM50535VUE-500004413",0,42.53,32.75,2.995,2072,2072,33.77,33.77,0.361,0.487
"2025-10-01 16:00:00",796,502.8,0,0,0,1.037,137.4,2.968,29.47,10.63333,1016.398,0.364,1.564,27.3,32.3,0.133,2.083,1.8102,"013CAMPBELLCLIM50535VUE-500004413",0,40.06,32.11,6.287,2006,2006,34.25,34.26,0.361,0.487
"2025-10-01 17:00:00",797,345.3,0,0,0,1.092,155.6,3.077,28.8,12.16667,1016.481,0.245,0.764,31.5,31,0.117,2.1,1.2432,"013CAMPBELLCLIM50535VUE-500004413",0,35.71,30.84,9.06,1943,1943,33.59,33.59,0.361,0.487
"2025-10-01 18:00:00",798,151.5,0,0,0,0.857,147,2.69,27.77,12.2,1016.548,0.083,0.099,34.5,28.1,0.067,2.15,0.5454,"013CAMPBELLCLIM50535VUE-500004413",0,27.49,28.3,10.61,1907,1907,31.6,31.6,0.361,0.487
"2025-10-01 19:00:00",799,11.33,0,0,0,0.545,95.1,1.702,24.6,12.68333,1017.031,-0.009,0,47.9,23.2,0.05,2.233,0.0408,"013CAMPBELLCLIM50535VUE-500004413",0,20.23,23.78,10.78,1851,1851,27.28,27.29,0.361,0.487
"2025-10-01 20:00:00",800,0,0,0,0,0.387,96.9,1.025,21.38,13.66667,1017.931,-0.022,0,57.1,20.2,-0.067,2.233,0,"013CAMPBELLCLIM50535VUE-500004413",0,17.19,20.13,10.02,1847,1847,23.02,23.03,0.361,0.487
"2025-10-01 21:00:00",801,0,0,0,0,0.4,70,1.412,19.63,14.2,1018.614,-0.022,0,67.6,18.6,-0.133,2.217,0,"013CAMPBELLCLIM50535VUE-500004413",0,15.77,18.61,8.76,1874,1874,20.23,20.23,0.361,0.487
"2025-10-01 22:00:00",802,0,0,0,0,0.157,89,0.385,16.82,14.46667,1018.781,-0.029,0,80.6,15.7,-0.117,2.217,0,"013CAMPBELLCLIM50535VUE-500004413",0,13.41,15.49,7.382,1901,1901,17.62,17.62,0.36,0.487
"2025-10-01 23:00:00",803,0,0,0,0,0.112,163.1,0.31,14.88,14.3,1018.748,-0.029,0,87.6,14,-0.167,2.183,0,"013CAMPBELLCLIM50535VUE-500004413",0,12.31,13.49,6.023,1941,1941,15.25,15.25,0.36,0.487
"2025-10-02 00:00:00",804,0,0,0,0,0.135,320.7,0.412,13.83,14.06667,1018.298,-0.028,0,89.8,13.2,-0.217,2.217,0,"013CAMPBELLCLIM50535VUE-500004413",0,11.71,12.66,4.709,1968,1968,13.61,13.6,0.36,0.487
"2025-10-02 01:00:00",805,0,0,0,0,0.282,207.4,0.627,14.32,13.9,1017.798,-0.026,0,85.1,13.7,-0.183,2.317,0,"013CAMPBELLCLIM50535VUE-500004413",0,11.76,13.16,3.489,1997,1997,12.78,12.78,0.359,0.487
"2025-10-02 02:00:00",806,0,0,0,0,0.128,164.1,0.307,12.95,13.56667,1017.264,-0.028,0,92.9,12.1,-0.217,2.317,0,"013CAMPBELLCLIM50535VUE-500004413",0,10.48,11.96,2.39,2032,2032,12.11,12.12,0.359,0.487
"2025-10-02 03:00:00",807,0,0,0,0,0.155,76,0.417,12.45,13.53333,1016.764,-0.027,0,94.3,11.9,-0.3,2.3,0,"013CAMPBELLCLIM50535VUE-500004413",0,10.39,11.3,1.423,2055,2055,11.37,11.37,0.359,0.487
"2025-10-02 04:00:00",808,0,0,0,0,0.263,277.1,0.75,12.17,13.3,1016.081,-0.026,0,87.6,11.6,-0.217,2.25,0,"013CAMPBELLCLIM50535VUE-500004413",0,10.27,10.96,0.549,2066,2066,10.82,10.82,0.358,0.487
"2025-10-02 05:00:00",809,0,0,0,0,0.232,221.6,0.61,12.17,13.21667,1015.881,-0.026,0,93.6,11,-0.233,2.283,0,"013CAMPBELLCLIM50535VUE-500004413",0,9.57,11.27,-0.239,2068,2068,10.65,10.66,0.358,0.487
"2025-10-02 06:00:00",810,0,0.017,0,0,0.187,227.5,0.652,11.2,12.63333,1015.781,0.001,0.091,94.1,10.4,-0.167,2.267,0,"013CAMPBELLCLIM50535VUE-500004413",0,8.98,10.36,-0.934,2092,2092,9.97,9.97,0.357,0.487
"2025-10-02 07:00:00",811,11,0.017,0,0,0.192,128.8,0.528,10.98,12.56667,1015.864,0.008,0.743,97.4,10.4,-0.2,2.15,0.0396,"013CAMPBELLCLIM50535VUE-500004413",0,9.24,10.16,-1.575,2099,2099,9.64,9.64,0.357,0.487
"2025-10-02 08:00:00",812,102.3,0.017,0,0,0.193,326.1,0.605,13.12,13.91667,1015.914,0.064,1.523,86.5,15.8,-0.05,2.167,0.3684,"013CAMPBELLCLIM50535VUE-500004413",0,12.27,12.54,-2.171,2103,2103,10.43,10.43,0.357,0.487
"2025-10-02 09:00:00",813,275.8,0,0,0,0.61,329.4,1.585,17.67,15.25,1015.764,0.176,2.222,69.9,21.8,-0.067,2.25,0.993,"013CAMPBELLCLIM50535VUE-500004413",0,18.3,18.15,-2.619,2087,2087,14.46,14.46,0.357,0.487
"2025-10-02 10:00:00",814,424.7,0,0,0,0.835,300.5,2.313,20.37,15.35,1015.598,0.286,2.777,60.2,24.6,-0.033,2.233,1.5288,"013CAMPBELLCLIM50535VUE-500004413",0,24.49,21.53,-2.725,2052,2052,19.67,19.67,0.356,0.487
