"TOA5","CR5000_2","CR5000","2447","CR5000.Std.07","CPU:Parcela3_final.CR5","8647","Table1"
"TIMESTAMP","RECORD","SlrFD_W_Avg","Rain_mm_Tot","Strikes_Tot","Dist_km_Avg","WS_ms_Avg","WindDir","MaxWS_ms_Avg","AirT_C_Avg","VP_mbar_Avg","BP_mbar_Avg","ETos","Rso","RH","RHT_C","TiltNS_deg_Avg","TiltWE_deg_Avg","SlrTF_MJ_Tot","CVMeta","Invalid_Wind","TT_C_Avg","SBT_C_Avg","SHF_Avg","NR_Wm2_Avg","CNR_Wm2_Avg","Temp_TC1_C_Avg","Temp_TC2_C_Avg","SWC_5CM_Avg","SWC_40CM_Avg"
"TS","RN","W/m^2","mm","count","kilometers","m/s","degrees","m/s","Deg C","mbar","mbar","Deg C","Deg C","%","Deg C","degrees","degrees","MJ/m^2","","","Deg C","Deg C","W/m^2","W/meter^2","W/m^2","Deg C","Deg C","m3/m3","m3/m3"
"","","Avg","Tot","Tot","Avg","Avg","Smp","Avg","Avg","Avg","Avg","ETsz","RSo","Smp","Smp","Avg","Avg","Tot","Smp","Smp","Avg","Avg","Avg","Avg","Avg","Avg","Avg","Avg","Avg"
"2025-10-17 09:00:00",1173,333,0,0,0,0.455,197.1,1.55,17.3,11.81667,1015.514,0.212,2.51,55.8,22.2,-0.2,2.183,1.1988,"013CAMPBELLCLIM50535VUE-500004413",0,18.59,17.62,-5.799,924,924,15.52,15.51,0.372,0.494
"2025-10-17 10:00:00",1174,497.2,0,0,0,0.485,50.8,1.513,20.55,12.18333,1015.648,0.332,3.057,46.2,25.5,-0.117,2.25,1.7898,"013CAMPBELLCLIM50535VUE-500004413",0,24.59,22.57,-5.914,924,924,20.83,20.82,0.372,0.494
"2025-10-17 11:00:00",1175,651,0,0,0,0.527,181.6,1.583,23.35,11.76667,1015.514,0.452,3.406,35.9,27.6,-0.083,2.167,2.3436,"013CAMPBELLCLIM50535VUE-500004413",0,29.99,26.29,-5.402,918,918,25.4,25.4,0.371,0.494
"2025-10-17 12:00:00",1176,745,0,0,0,0.595,20.4,1.818,26.05,10.68333,1015.481,0.536,3.534,29.4,30.5,-0.017,2.233,2.682,"013CAMPBELLCLIM50535VUE-500004413",0,36.02,29.37,-4.317,905,905,29.12,29.13,0.371,0.494
"2025-10-17 13:00:00",1177,771.7,0,0,0,0.652,134.6,1.812,28.07,9.216666,1015.164,0.566,3.425,20.9,32.1,0.017,2.25,2.778,"013CAMPBELLCLIM50535VUE-500004413",0,39.15,31.73,-2.661,900,900,31.7,31.7,0.37,0.494
"2025-10-17 14:00:00",1178,754.3,0,0,0,0.808,135.5,2.932,29.05,7.5,1015.131,0.555,3.084,17.9,32.5,0.067,2.183,2.7156,"013CAMPBELLCLIM50535VUE-500004413",0,42.36,32.73,-0.281,890,890,33.32,33.32,0.37,0.494
"2025-10-17 15:00:00",1179,677,0,0,0,0.867,136.9,3.503,29.53,7.283333,1014.798,0.489,2.511,17.3,32.9,0.083,2.25,2.4372,"013CAMPBELLCLIM50535VUE-500004413",0,41.2,32.77,3.185,897,897,34.38,34.39,0.371,0.494
"2025-10-17 16:00:00",1180,545.2,0,0,0,0.845,126.7,2.875,29.98,6.666667,1014.564,0.382,1.783,15.9,33.1,0.067,2.267,1.9626,"013CAMPBELLCLIM50535VUE-500004413",0,39.14,32.79,7.022,904,904,34.95,34.95,0.371,0.494
"2025-10-17 17:00:00",1181,377.7,0,0,0,0.73,140.7,2.4,29.75,7.416667,1014.314,0.245,0.954,18.9,32.3,0.067,2.1,1.3596,"013CAMPBELLCLIM50535VUE-500004413",0,36,31.91,9.73,912,912,34.55,34.55,0.371,0.494
"2025-10-17 18:00:00",1182,147.3,0,0,0,0.613,108.9,2.1,28.9,8.6,1014.364,0.06,0.192,24.1,29.1,-0.017,2.15,0.5304,"013CAMPBELLCLIM50535VUE-500004413",0,29.79,30.01,10.66,912,912,32.47,32.47,0.371,0.494
"2025-10-17 19:00:00",1183,18,0,0,0,0.475,47.7,1.527,26.25,9.6,1014.781,-0.011,0,31.3,25.1,-0.083,2.233,0.0648,"013CAMPBELLCLIM50535VUE-500004413",0,22.57,25.89,10.33,910,910,28.28,28.28,0.371,0.494
"2025-10-17 20:00:00",1184,0.167,0,0,0,0.268,55.5,0.855,22.38,10.53333,1015.348,-0.029,0,44.8,20.7,-0.1,2.283,0.0006,"013CAMPBELLCLIM50535VUE-500004413",0,17.46,21.19,9.37,901,901,24.17,24.17,0.37,0.493
"2025-10-17 21:00:00",1185,0,0,0,0,0.242,90.6,0.77,20.05,10.61667,1015.948,-0.029,0,45.6,19,-0.217,2.283,0,"013CAMPBELLCLIM50535VUE-500004413",0,15.64,18.4,8.06,896,896,20.47,20.48,0.37,0.493
"2025-10-17 22:00:00",1186,0,0,0,0,0.162,51.6,0.568,17.68,11.36667,1016.348,-0.031,0,63.7,16.1,-0.183,2.25,0,"013CAMPBELLCLIM50535VUE-500004413",0,13.33,16.43,6.573,904,904,17.94,17.94,0.369,0.493
"2025-10-17 23:00:00",1187,0,0,0,0,0.088,155,0.312,14.68,11.48333,1016.214,-0.031,0,70.1,13.6,-0.3,2.2,0,"013CAMPBELLCLIM50535VUE-500004413",0,11.65,13.24,5.065,906,906,15.08,15.08,0.369,0.493
"2025-10-18 00:00:00",1188,0,0,0,0,0.137,292.5,0.41,14.32,9.983334,1015.931,-0.03,0,51.5,13.3,-0.317,2.3,0,"013CAMPBELLCLIM50535VUE-500004413",0,11.64,13.03,3.59,911,911,13.11,13.11,0.368,0.493
"2025-10-18 01:00:00",1189,0,0,0,0,0.245,296.3,0.92,15.68,9.25,1015.564,-0.027,0,57.1,14.5,-0.183,2.283,0,"013CAMPBELLCLIM50535VUE-500004413",0,12.27,15.24,2.168,916,916,13.06,13.05,0.367,0.493
"2025-10-18 02:00:00",1190,0,0,0,0,0.165,160.1,0.39,14.42,9.3,1014.981,-0.03,0,65.8,13.2,-0.3,2.25,0,"013CAMPBELLCLIM50535VUE-500004413",0,10.63,13.75,0.864,909,909,12.33,12.33,0.367,0.493
"2025-10-18 03:00:00",1191,0,0,0,0,0.083,250.1,0.223,11.35,10.06667,1014.331,-0.029,0,78.3,10.2,-0.35,2.3,0,"013CAMPBELLCLIM50535VUE-500004413",0,8.32,10.17,-0.3,933,933,10.74,10.74,0.366,0.493
"2025-10-18 04:00:00",1192,0,0,0,0,0.088,222.8,0.182,9.58,9.9,1013.648,-0.028,0,83.6,8.6,-0.35,2.333,0,"013CAMPBELLCLIM50535VUE-500004413",0,7.428,8.17,-1.382,932,932,9.01,9.01,0.366,0.493
"2025-10-18 05:00:00",1193,0,0,0,0,0.1,266.3,0.245,8.97,9.716667,1013.164,-0.027,0,87.7,8.2,-0.4,2.267,0,"013CAMPBELLCLIM50535VUE-500004413",0,7.027,7.728,-2.413,925,925,7.84,7.848,0.365,0.493
"2025-10-18 06:00:00",1194,0.167,0,0,0,0.095,245.5,0.182,8.08,9.716667,1012.881,0.001,0.255,90.1,7.3,-0.35,2.317,0.0006,"013CAMPBELLCLIM50535VUE-500004413",0,6.3,6.862,-3.398,925,925,6.907,6.911,0.364,0.493
"2025-10-18 07:00:00",1195,23.67,0,0,0,0.097,258.7,0.217,8.17,9.866667,1012.914,0.014,1.026,87.1,8.3,-0.35,2.3,0.0852,"013CAMPBELLCLIM50535VUE-500004413",0,7.232,7.056,-4.312,924,924,6.407,6.409,0.364,0.493
"2025-10-18 08:00:00",1196,183.3,0,0,0,0.117,11.5,0.362,14.63,11.35,1013.298,0.11,1.819,54.6,20.2,-0.35,2.2,0.66,"013CAMPBELLCLIM50535VUE-500004413",0,11.86,11.74,-5.144,930,930,9.64,9.64,0.364,0.493
"2025-10-18 09:00:00",1197,352,0,0,0,0.42,348,1.145,19.73,10.9,1013.214,0.235,2.536,43.1,25,-0.133,2.3,1.2672,"013CAMPBELLCLIM50535VUE-500004413",0,20.26,19.79,-5.768,935,935,16.6,16.59,0.363,0.493
"2025-10-18 10:00:00",1198,467.2,0,0,0,0.4,18.9,1.012,22.85,10.3,1013.148,0.328,3.095,34.5,28,-0.067,2.367,1.6818,"013CAMPBELLCLIM50535VUE-500004413",0,25.42,24.39,-5.889,942,942,22.35,22.35,0.363,0.493
"2025-10-18 11:00:00",1199,577.2,0,0,0,0.467,58.4,1.14,26.35,10.36667,1012.931,0.425,3.441,27.7,31.3,-0.033,2.3,2.0778,"013CAMPBELLCLIM50535VUE-500004413",0,30.7,29.04,-5.329,953,953,27.25,27.25,0.362,0.493
"2025-10-18 12:00:00",1200,728.7,0,0,0,0.522,358.8,1.408,29.52,8.7,1012.664,0.546,3.578,17.7,34.7,-0.033,2.167,2.6232,"013CAMPBELLCLIM50535VUE-500004413",0,38.97,33.41,-4.173,952,952,31.44,31.44,0.361,0.493
"2025-10-18 13:00:00",1201,674.8,0,0,0,0.53,31,1.628,31.6,7.766666,1012.014,0.519,3.461,15.7,35.8,0.083,2.217,2.4294,"013CAMPBELLCLIM50535VUE-500004413",0,40.57,35.51,-2.399,947,947,35.25,35.25,0.361,0.493
"2025-10-18 14:00:00",1202,618.2,0,0,0,0.66,148.5,2.403,32.5,8.033334,1011.864,0.483,3.088,16,36,0.15,2.117,2.2254,"013CAMPBELLCLIM50535VUE-500004413",0,40.6,35.45,0.202,945,945,36.71,36.71,0.361,0.493
"2025-10-18 15:00:00",1203,313.2,0,0,0,0.743,137.5,2.412,30.68,8.55,1012.281,0.278,2.506,21,32.5,0.05,2.267,1.1274,"013CAMPBELLCLIM50535VUE-500004413",0,33.48,32.14,3.418,935,935,35.94,35.94,0.361,0.493
"2025-10-18 16:00:00",1204,228,0,0,0,0.733,116.2,2.593,28.95,9.133333,1012.698,0.202,1.769,22.2,30.3,0.017,2.2,0.8208,"013CAMPBELLCLIM50535VUE-500004413",0,30.81,29.86,6.246,925,925,33.4,33.4,0.361,0.493
"2025-10-18 17:00:00",1205,106.7,0,0,0,0.623,122.8,2.237,27.55,9.05,1013.281,0.106,0.956,28.2,27.8,-0.117,2.283,0.384,"013CAMPBELLCLIM50535VUE-500004413",0,27,27.85,7.676,929,929,30.82,30.81,0.361,0.493
"2025-10-18 18:00:00",1206,52.83,0,0,0,0.52,103.3,1.855,25.73,11.2,1013.781,-0.009,0.198,34.7,25.5,-0.167,2.183,0.1902,"013CAMPBELLCLIM50535VUE-500004413",0,24.24,25.59,8.03,939,939,28.01,28.02,0.361,0.493
"2025-10-18 19:00:00",1207,19,0,0,0,0.472,107.3,1.382,24.12,10.65,1014.498,0.02,0,36.5,23.4,-0.117,2.217,0.0684,"013CAMPBELLCLIM50535VUE-500004413",0,21.68,23.69,7.744,923,923,25.59,25.59,0.36,0.493
"2025-10-18 20:00:00",1208,0.167,0,0,0,0.468,106.2,1.498,21.82,9.683333,1015.114,0.012,0,38.7,21.1,-0.217,2.2,0.0006,"013CAMPBELLCLIM50535VUE-500004413",0,18.62,21.15,7.098,924,924,22.95,22.95,0.36,0.493
"2025-10-18 21:00:00",1209,0,0,0,0,0.33,75.1,1.057,20.1,9.65,1015.714,0.004,0,42.8,19.3,-0.217,2.267,0,"013CAMPBELLCLIM50535VUE-500004413",0,16.9,19.19,6.152,924,924,20.47,20.47,0.36,0.493
"2025-10-18 22:00:00",1210,0,0,0,0,0.165,77.8,0.523,18.65,10.1,1015.931,-0.004,0,47.7,17.9,-0.117,2.267,0,"013CAMPBELLCLIM50535VUE-500004413",0,15.81,17.58,5.017,928,928,18.69,18.69,0.359,0.493
"2025-10-18 23:00:00",1211,0,0,0,0,0.107,58.3,0.245,17.08,10.71667,1015.631,-0.007,0,60.1,16.3,-0.317,2.3,0,"013CAMPBELLCLIM50535VUE-500004413",0,14.27,16,3.853,935,935,17.19,17.19,0.358,0.493
"2025-10-19 00:00:00",1212,0,0,0,0,0.057,140.4,0.175,15.17,10.9,1015.164,-0.008,0,68,14.4,-0.25,2.2,0,"013CAMPBELLCLIM50535VUE-500004413",0,12.56,13.97,2.765,938,938,15.39,15.39,0.357,0.492
"2025-10-19 01:00:00",1213,0,0,0,0,0.078,5.2,0.237,13.95,10.93333,1014.864,-0.007,0,70.7,13.3,-0.35,2.233,0,"013CAMPBELLCLIM50535VUE-500004413",0,11.46,12.65,1.726,949,949,13.62,13.63,0.357,0.492
"2025-10-19 02:00:00",1214,0,0,0,0,0.108,161.7,0.34,13.05,10.81667,1014.731,-0.007,0,69.7,12.5,-0.383,2.233,0,"013CAMPBELLCLIM50535VUE-500004413",0,10.8,12.06,0.696,947,947,12.39,12.39,0.357,0.492
"2025-10-19 03:00:00",1215,0,0,0,0,0.098,225.7,0.295,12.5,10.8,1014.214,-0.007,0,77.5,11.5,-0.267,2.2,0,"013CAMPBELLCLIM50535VUE-500004413",0,10.04,11.55,-0.302,953,953,11.5,11.5,0.357,0.492
"2025-10-19 04:00:00",1216,0,0,0,0,0.117,245.2,0.438,11.58,10.61667,1013.881,-0.007,0,76.8,11,-0.233,2.283,0,"013CAMPBELLCLIM50535VUE-500004413",0,9.87,10.56,-1.246,947,947,10.54,10.54,0.356,0.492
"2025-10-19 05:00:00",1217,0,0,0,0,0.077,219.6,0.188,11.43,10.68333,1013.648,-0.007,0,82.8,10.9,-0.367,2.35,0,"013CAMPBELLCLIM50535VUE-500004413",0,10.07,10.65,-2.121,949,949,10.25,10.25,0.356,0.492
"2025-10-19 06:00:00",1218,0.167,0,0,0,0.098,203.7,0.273,11.12,11.1,1013.548,0.002,0.266,84.9,10.9,-0.317,2.3,0.0006,"013CAMPBELLCLIM50535VUE-500004413",0,10.25,10.29,-2.89,950,950,10.04,10.05,0.356,0.492
"2025-10-19 07:00:00",1219,26.83,0,0,0,0.077,206,0.202,11.37,11.51667,1013.731,0.017,1.031,83.9,11.6,-0.367,2.283,0.0966,"013CAMPBELLCLIM50535VUE-500004413",0,11.39,10.77,-3.525,944,944,10.17,10.16,0.355,0.492
"2025-10-19 08:00:00",1220,107.2,0,0,0,0.125,119.3,0.447,13.8,11.98333,1014.198,0.069,1.829,69.1,15.6,-0.25,2.283,0.3858,"013CAMPBELLCLIM50535VUE-500004413",0,15.05,14.09,-4.023,932,932,11.85,11.86,0.355,0.493
"2025-10-19 09:00:00",1221,204.2,0,0,0,0.23,93.4,0.802,16.68,12.18333,1014.764,0.137,2.536,61.3,19.3,-0.283,2.317,0.735,"013CAMPBELLCLIM50535VUE-500004413",0,19.36,18.16,-4.247,955,955,15.33,15.33,0.355,0.493
"2025-10-19 10:00:00",1222,266.3,0,0,0,0.288,158,0.978,18.55,12.16667,1015.114,0.185,3.085,54.1,21.7,-0.167,2.183,0.9588,"013CAMPBELLCLIM50535VUE-500004413",0,22.38,20.52,-4.063,950,950,18.58,18.58,0.354,0.493
"2025-10-19 11:00:00",1223,470.2,0,0,0,0.578,148.8,2.062,20.9,12.45,1015.814,0.326,3.424,45.4,24.9,-0.15,2.25,1.6926,"013CAMPBELLCLIM50535VUE-500004413",0,27.38,23.52,-3.454,947,947,22.05,22.04,0.353,0.493
"2025-10-19 12:00:00",1224,538.2,0,0,0,0.582,174.6,1.937,23.63,12.45,1016.064,0.388,3.535,42.1,27.6,-0.017,2.217,1.9374,"013CAMPBELLCLIM50535VUE-500004413",0,31.39,26.9,-2.489,932,932,26.34,26.34,0.352,0.493
"2025-10-19 13:00:00",1225,688.5,0,0,0,0.675,115.2,2.053,25.18,12.6,1016.081,0.493,3.399,38.2,29.5,-0.1,2.15,2.4786,"013CAMPBELLCLIM50535VUE-500004413",0,35.58,28.46,-1.086,925,925,28.86,28.85,0.352,0.493
"2025-10-19 14:00:00",1226,724.2,0,0,0,0.842,174.4,2.767,26.77,13.51667,1015.931,0.523,3.025,39.9,30.3,-0.083,2.167,2.607,"013CAMPBELLCLIM50535VUE-500004413",0,38.22,29.96,0.822,920,920,31.11,31.1,0.351,0.493
"2025-10-19 15:00:00",1227,667.7,0,0,0,0.955,147,2.883,26.48,14.15,1015.814,0.469,2.453,40.6,29.7,0.05,2.183,2.4036,"013CAMPBELLCLIM50535VUE-500004413",0,37.96,29.25,3.512,901,901,31.92,31.92,0.39,0.492
"2025-10-19 16:00:00",1228,544,0,0,0,0.988,138.7,3.648,26.8,13.28333,1015.348,0.379,1.745,37.9,29.8,0.017,2.067,1.9584,"013CAMPBELLCLIM50535VUE-500004413",0,35.81,29.47,7.815,857,857,32.2,32.21,0.438,0.494
"2025-10-19 17:00:00",1229,375.5,0,0,0,1.127,149.2,3.835,25.85,12.86667,1015.348,0.255,0.947,40.4,28.1,-0.067,2.217,1.3518,"013CAMPBELLCLIM50535VUE-500004413",0,31.58,27.53,10.92,1005,1005,31.33,31.34,0.444,0.497
"2025-10-19 18:00:00",1230,164.3,0,0,0,1.015,131.1,3.395,23.87,12.76667,1015.831,0.091,0.205,43.9,24.3,-0.1,2.3,0.5916,"013CAMPBELLCLIM50535VUE-500004413",0,25.72,24.65,11.01,1065,1065,28.75,28.76,0.429,0.497
"2025-10-19 19:00:00",1231,29,0,0,0,0.673,101.7,2.827,20.98,10.35,1016.631,0.001,0,38.9,20.2,-0.083,2.3,0.1044,"013CAMPBELLCLIM50535VUE-500004413",0,18.95,20.78,10.01,1084,1084,24.34,24.34,0.417,0.497
"2025-10-19 20:00:00",1232,0.333,0,0,0,0.423,110.3,1.605,18.47,7.766666,1017.381,-0.02,0,36.3,17.5,-0.183,2.25,0.0012,"013CAMPBELLCLIM50535VUE-500004413",0,15.5,17.64,8.73,1105,1105,20.35,20.35,0.412,0.495
"2025-10-19 21:00:00",1233,0,0,0,0,0.302,71.5,1.393,16.93,7.366667,1017.864,-0.026,0,41.7,15.9,-0.317,2.267,0,"013CAMPBELLCLIM50535VUE-500004413",0,13.68,15.9,7.165,1096,1096,17.5,17.5,0.408,0.496
"2025-10-19 22:00:00",1234,0,0,0,0,0.147,102.7,0.608,15.13,8.25,1018.064,-0.032,0,51.6,14,-0.283,2.283,0,"013CAMPBELLCLIM50535VUE-500004413",0,12.13,13.87,5.462,1056,1056,15.19,15.2,0.404,0.495
"2025-10-19 23:00:00",1235,0,0,0,0,0.123,144.3,0.53,13.85,8.683333,1018.114,-0.031,0,58.3,12.9,-0.267,2.3,0,"013CAMPBELLCLIM50535VUE-500004413",0,11.01,12.56,3.798,1008,1008,13.4,13.4,0.401,0.495
"2025-10-20 00:00:00",1236,0,0,0,0,0.07,202.3,0.18,11.97,9.15,1017.664,-0.031,0,69.8,11,-0.35,2.283,0,"013CAMPBELLCLIM50535VUE-500004413",0,9.52,10.52,2.241,961,961,11.7,11.7,0.398,0.495
"2025-10-20 01:00:00",1237,0,0,0,0,0.108,172.6,0.317,11.03,9.599999,1017.431,-0.029,0,74.5,10.5,-0.383,2.333,0,"013CAMPBELLCLIM50535VUE-500004413",0,9.19,9.63,0.812,953,953,10.16,10.16,0.397,0.495
"2025-10-20 02:00:00",1238,0,0,0,0,0.073,193.2,0.22,10.52,10.16667,1017.014,-0.029,0,81.4,9.7,-0.317,2.217,0,"013CAMPBELLCLIM50535VUE-500004413",0,8.4,9.2,-0.514,926,926,9.31,9.31,0.395,0.495
"2025-10-20 03:00:00",1239,0,0,0,0,0.075,222.3,0.142,9.05,9.716667,1016.448,-0.028,0,87.2,8.3,-0.367,2.267,0,"013CAMPBELLCLIM50535VUE-500004413",0,7.432,7.779,-1.707,916,916,8.23,8.23,0.394,0.495
"2025-10-20 04:00:00",1240,0,0,0,0,0.103,250.6,0.203,8.12,9.599999,1016.231,-0.027,0,88.1,7.4,-0.383,2.3,0,"013CAMPBELLCLIM50535VUE-500004413",0,7.039,6.801,-2.781,921,921,7.242,7.239,0.393,0.495
"2025-10-20 05:00:00",1241,0,0,0,0,0.255,241.6,0.647,9.4,9.533333,1016.331,-0.024,0,84.5,8.4,-0.433,2.217,0,"013CAMPBELLCLIM50535VUE-500004413",0,7.528,8.59,-3.776,925,925,7.176,7.175,0.392,0.495
"2025-10-20 06:00:00",1242,0.333,0,0,0,0.158,251.5,0.488,8.62,9.733334,1016.564,0.002,0.279,88.5,7.9,-0.383,2.333,0.0012,"013CAMPBELLCLIM50535VUE-500004413",0,7.039,7.722,-4.669,938,938,6.868,6.871,0.391,0.495
"2025-10-20 07:00:00",1243,28.17,0,0,0,0.208,255.6,0.573,8.75,10,1017.314,0.017,1.054,87.8,9.2,-0.4,2.3,0.1014,"013CAMPBELLCLIM50535VUE-500004413",0,7.986,7.964,-5.452,938,938,6.825,6.825,0.39,0.495
"2025-10-20 08:00:00",1244,176.3,0,0,0,0.547,331.6,1.588,12.7,10.93333,1017.881,0.106,1.852,67.3,17.1,-0.35,2.283,0.6348,"013CAMPBELLCLIM50535VUE-500004413",0,11.39,11.93,-6.121,946,946,9.8,9.8,0.389,0.495
"2025-10-20 09:00:00",1245,344.2,0,0,0,0.493,335.9,1.337,16.28,11.01667,1018.114,0.215,2.562,56.9,21.4,-0.283,2.233,1.239,"013CAMPBELLCLIM50535VUE-500004413",0,18.34,16.57,-6.587,943,943,14.92,14.91,0.388,0.495
"2025-10-20 10:00:00",1246,508.5,0,0,0,0.51,321.7,1.343,19.13,11.31667,1017.931,0.331,3.109,48.2,24.3,-0.15,2.167,1.8306,"013CAMPBELLCLIM50535VUE-500004413",0,23.13,20.55,-6.67,937,937,19.72,19.71,0.387,0.495
"2025-10-20 11:00:00",1247,642.2,0,0,0,0.528,167.8,1.678,22.05,11.9,1017.831,0.437,3.444,42.2,26.9,-0.233,2.183,2.3118,"013CAMPBELLCLIM50535VUE-500004413",0,28.83,24.54,-6.185,935,935,24.22,24.22,0.386,0.496
"2025-10-20 12:00:00",1248,740,0,0,0,0.567,76.1,1.982,24.48,12.16667,1017.331,0.52,3.549,37.9,28.8,-0.117,2.217,2.664,"013CAMPBELLCLIM50535VUE-500004413",0,34.14,28.12,-5.116,924,924,27.95,27.95,0.385,0.495
"2025-10-20 13:00:00",1249,774.3,0,0,0,0.673,139.2,2.205,26.48,12.46667,1016.498,0.558,3.412,35.5,30.3,0,2.217,2.7876,"013CAMPBELLCLIM50535VUE-500004413",0,38.01,30.29,-3.431,919,919,30.59,30.58,0.385,0.495
"2025-10-20 14:00:00",1250,748.2,0,0,0,0.828,174.8,3.107,27.42,12.96667,1015.781,0.543,3.043,35.8,30.7,-0.05,2.233,2.6934,"013CAMPBELLCLIM50535VUE-500004413",0,39.34,30.69,-0.982,877,877,32.22,32.22,0.385,0.495
"2025-10-20 15:00:00",1251,673.5,0,0,0,0.907,150.1,2.752,27.8,12.3,1015.348,0.482,2.483,32.1,31,-0.05,2.2,2.4246,"013CAMPBELLCLIM50535VUE-500004413",0,39.26,30.67,2.525,836,836,33.02,33.02,0.384,0.495
"2025-10-20 16:00:00",1252,549.3,0,0,0,0.955,177.8,2.997,27.77,11.86667,1015.031,0.387,1.767,31.5,30.7,-0.083,2.15,1.9776,"013CAMPBELLCLIM50535VUE-500004413",0,37.22,30.31,6.337,814,814,33.18,33.19,0.384,0.495
"2025-10-20 17:00:00",1253,388.5,0,0,0,0.955,143.2,2.795,27.28,11.3,1014.931,0.264,0.965,30.8,29.8,-0.033,2.183,1.3986,"013CAMPBELLCLIM50535VUE-500004413",0,33.29,29.18,8.97,792.4,792.4,32.44,32.44,0.384,0.495
"2025-10-20 18:00:00",1254,181.7,0,0,0,0.822,127.9,2.935,26.28,10.83333,1015.348,0.1,0.214,31.9,27.1,-0.083,2.15,0.654,"013CAMPBELLCLIM50535VUE-500004413",0,27.96,27.29,9.83,774.4,774.4,30.47,30.46,0.383,0.495
"2025-10-20 19:00:00",1255,30.67,0,0,0,0.562,94.1,1.95,23.7,9.233334,1015.998,-0.002,0,35.7,22.8,-0.067,2.3,0.1104,"013CAMPBELLCLIM50535VUE-500004413",0,20.87,23.29,9.46,759.8,759.8,26.42,26.41,0.383,0.495
"2025-10-20 20:00:00",1256,0.167,0,0,0,0.265,91,0.853,21.02,10.38333,1016.498,-0.028,0,46.8,20,-0.1,2.267,0.0006,"013CAMPBELLCLIM50535VUE-500004413",0,17.36,19.86,8.44,757.2,757.2,22.47,22.47,0.382,0.495
"2025-10-20 21:00:00",1257,0,0,0,0,0.205,66.6,0.78,19.12,11.05,1016.581,-0.03,0,52.6,18,-0.283,2.283,0,"013CAMPBELLCLIM50535VUE-500004413",0,15.42,17.83,7.081,757,757,19.62,19.62,0.382,0.495
"2025-10-20 22:00:00",1258,0,0,0,0,0.127,129.5,0.437,17.12,11.13333,1016.631,-0.032,0,60.6,16.1,-0.35,2.3,0,"013CAMPBELLCLIM50535VUE-500004413",0,13.88,15.75,5.607,757.6,757.6,17.24,17.25,0.381,0.495
"2025-10-20 23:00:00",1259,0,0,0,0,0.09,85.3,0.277,15.7,11.51667,1016.598,-0.032,0,68.7,14.8,-0.367,2.35,0,"013CAMPBELLCLIM50535VUE-500004413",0,12.96,14.49,4.155,760.7,760.7,15.38,15.38,0.38,0.495
"2025-10-21 00:00:00",1260,0,0,0,0,0.128,83,0.425,14.68,11.51667,1016.348,-0.03,0,68.1,14.1,-0.233,2.217,0,"013CAMPBELLCLIM50535VUE-500004413",0,11.97,13.15,2.778,770.6,770.6,13.89,13.9,0.38,0.495
"2025-10-21 01:00:00",1261,0,0,0,0,0.085,221.6,0.307,13.43,11.48333,1015.948,-0.03,0,78.6,12.5,-0.317,2.233,0,"013CAMPBELLCLIM50535VUE-500004413",0,11.11,12.31,1.514,771.8,771.8,12.76,12.76,0.379,0.495
"2025-10-21 02:00:00",1262,0,0,0,0,0.063,239.7,0.182,11.88,11.43333,1015.598,-0.029,0,84.7,11.1,-0.3,2.317,0,"013CAMPBELLCLIM50535VUE-500004413",0,10.08,10.61,0.36,800,800,11.38,11.38,0.378,0.495
"2025-10-21 03:00:00",1263,0,0,0,0,0.072,166.4,0.195,11.02,11.01667,1015.248,-0.029,0,84.7,10.4,-0.383,2.3,0,"013CAMPBELLCLIM50535VUE-500004413",0,9.51,9.79,-0.713,796.2,796.2,10.29,10.29,0.377,0.495
"2025-10-21 04:00:00",1264,0,0,0,0,0.077,216.7,0.235,10.7,10.93333,1015.114,-0.028,0,82.9,10.1,-0.35,2.35,0,"013CAMPBELLCLIM50535VUE-500004413",0,9.39,9.47,-1.709,784.9,784.9,9.62,9.61,0.376,0.495
"2025-10-21 05:00:00",1265,0,0,0,0,0.073,268.9,0.177,10.52,11.01667,1015.364,-0.028,0,88.4,10.1,-0.283,2.25,0,"013CAMPBELLCLIM50535VUE-500004413",0,9.47,9.56,-2.621,783.3,783.3,9.34,9.34,0.375,0.495
"2025-10-21 06:00:00",1266,0.167,0,0,0,0.072,236.2,0.14,9.95,11.05,1015.598,0.001,0.289,91.8,9.5,-0.4,2.317,0.0006,"013CAMPBELLCLIM50535VUE-500004413",0,8.92,8.82,-3.43,1153,1153,8.97,8.98,0.375,0.495
"2025-10-21 07:00:00",1267,35.67,0,0,0,0.088,205.2,0.327,10.7,11.55,1016.114,0.022,1.06,89.3,11.4,-0.367,2.25,0.1284,"013CAMPBELLCLIM50535VUE-500004413",0,11.48,10.01,-4.12,767.2,767.2,9.14,9.14,0.375,0.495
"2025-10-21 08:00:00",1268,111.3,0,0,0,0.092,48.3,0.312,14.05,12.06667,1016.864,0.072,1.856,66.4,15.7,-0.2,2.267,0.4008,"013CAMPBELLCLIM50535VUE-500004413",0,15.31,14.48,-4.685,775.1,775.1,11.51,11.51,0.374,0.495
"2025-10-21 09:00:00",1269,177.7,0,0,0,0.245,65.1,0.7,16.55,11.26667,1017.148,0.124,2.573,57.9,18.6,-0.233,2.233,0.6396,"013CAMPBELLCLIM50535VUE-500004413",0,18.45,17.74,-4.912,760.8,760.8,14.93,14.93,0.375,0.495
"2025-10-21 10:00:00",1270,218,0,0,0,0.47,223.6,1.462,17.65,11.5,1016.948,0.159,3.12,56.3,19.8,-0.183,2.283,0.7848,"013CAMPBELLCLIM50535VUE-500004413",0,20.26,18.86,-4.678,755.7,755.7,17.46,17.46,0.375,0.495
"2025-10-21 11:00:00",1271,335.2,0,0,0,0.47,326.3,1.392,18.72,11.61667,1016.781,0.233,3.46,51.7,22.5,-0.1,2.217,1.2066,"013CAMPBELLCLIM50535VUE-500004413",0,23.67,20.64,-4.104,752,752,19.83,19.82,0.374,0.495
"2025-10-21 12:00:00",1272,382.8,0,0,0,0.398,129.1,1.502,20.52,11.68333,1016.614,0.27,3.568,47.4,24.6,-0.267,2.317,1.3782,"013CAMPBELLCLIM50535VUE-500004413",0,26.45,23.02,-3.294,739.3,739.3,22.44,22.45,0.374,0.495
"2025-10-21 13:00:00",1273,420.7,0,0,0,0.535,167.7,1.803,21.9,12.3,1016.364,0.302,3.425,46.6,25.5,-0.217,2.183,1.5144,"013CAMPBELLCLIM50535VUE-500004413",0,27.75,24.48,-2.19,735.5,735.5,24.99,24.98,0.374,0.495
"2025-10-21 14:00:00",1274,376.3,0,0,0,0.672,168.5,2.02,22.5,12.6,1016.014,0.278,3.057,46.5,25.4,-0.1,2.2,1.3548,"013CAMPBELLCLIM50535VUE-500004413",0,27.92,24.57,-0.815,733.4,733.4,26.07,26.07,0.374,0.495
"2025-10-21 15:00:00",1275,397.8,0,0,0,0.847,184.7,2.515,22.75,12.85,1015.631,0.286,2.489,46.6,25.9,-0.183,2.167,1.4322,"013CAMPBELLCLIM50535VUE-500004413",0,29.39,24.72,0.672,727.1,727.1,26.55,26.55,0.371,0.495
"2025-10-21 16:00:00",1276,256.8,0,0,0,0.793,168.4,2.642,22.82,13.1,1015.081,0.191,1.767,48.4,24.3,-0.183,2.1,0.9246,"013CAMPBELLCLIM50535VUE-500004413",0,25.83,24.05,1.985,718.3,718.3,26.53,26.53,0.371,0.495
"2025-10-21 17:00:00",1277,289.8,0,0,0,0.508,75.5,1.907,23.37,13.41667,1014.714,0.16,0.966,44.2,26.9,-0.2,2.167,1.0434,"013CAMPBELLCLIM50535VUE-500004413",0,27.72,25.18,3.015,715.3,715.3,25.91,25.91,0.37,0.495
"2025-10-21 18:00:00",1278,111.5,0,0,0,0.378,114.5,1.093,24.03,13.41667,1014.548,0.025,0.22,47.1,24.1,-0.15,2.217,0.4014,"013CAMPBELLCLIM50535VUE-500004413",0,23.97,25.14,3.546,709.3,709.3,26.39,26.39,0.369,0.495
"2025-10-21 19:00:00",1279,21.17,0,0,0,0.367,73.8,1.237,21.62,13,1014.864,0.009,0,52.6,21.1,-0.167,2.3,0.0762,"013CAMPBELLCLIM50535VUE-500004413",0,19.84,21.2,3.729,690.6,690.6,23.64,23.64,0.369,0.495
"2025-10-21 20:00:00",1280,0.667,0,0,0,0.185,47.7,0.468,19.58,13.28333,1015.231,-0.006,0,62.3,18.8,-0.233,2.283,0.0024,"013CAMPBELLCLIM50535VUE-500004413",0,17.15,18.76,3.544,681.9,681.9,21.03,21.03,0.369,0.494
"2025-10-21 21:00:00",1281,0,0,0,0,0.187,55.2,0.603,18.62,13.46667,1015.548,-0.007,0,67.3,17.9,-0.317,2.267,0,"013CAMPBELLCLIM50535VUE-500004413",0,16.24,17.61,3.032,672.7,672.7,19.07,19.07,0.368,0.494
"2025-10-21 22:00:00",1282,0,0,0,0,0.107,192.4,0.363,17.05,13.46667,1015.648,-0.009,0,74.3,16,-0.267,2.25,0,"013CAMPBELLCLIM50535VUE-500004413",0,13.97,15.92,2.324,668.9,668.9,17.32,17.33,0.368,0.494
"2025-10-21 23:00:00",1283,0,0,0,0,0.107,74.8,0.28,15.02,13.51667,1015.564,-0.01,0,82.2,14.1,-0.233,2.267,0,"013CAMPBELLCLIM50535VUE-500004413",0,12.33,13.75,1.543,675.5,675.5,15.16,15.16,0.367,0.494
"2025-10-22 00:00:00",1284,0,0,0,0,0.06,148.9,0.178,13.53,13.48333,1015.448,-0.01,0,89.7,12.7,-0.317,2.233,0,"013CAMPBELLCLIM50535VUE-500004413",0,11.28,12.3,0.684,674,674,13.4,13.4,0.366,0.494
"2025-10-22 01:00:00",1285,0,0,0,0,0.065,191.4,0.21,12.73,13.31667,1015.581,-0.01,0,92.2,12.1,-0.383,2.3,0,"013CAMPBELLCLIM50535VUE-500004413",0,10.75,11.53,-0.216,680.8,680.8,12.14,12.14,0.366,0.494
"2025-10-22 02:00:00",1286,0,0,0,0,0.06,234.7,0.167,11.62,12.88333,1015.264,-0.01,0,95.5,10.9,-0.367,2.367,0,"013CAMPBELLCLIM50535VUE-500004413",0,9.71,10.55,-1.092,676.9,676.9,11.05,11.05,0.365,0.494
"2025-10-22 03:00:00",1287,0,0,0,0,0.068,266.2,0.163,10.55,12.3,1014.598,-0.01,0,97.1,9.9,-0.35,2.283,0,"013CAMPBELLCLIM50535VUE-500004413",0,9.04,9.55,-1.917,677.5,677.5,9.96,9.96,0.365,0.494
"2025-10-22 04:00:00",1288,0,0,0,0,0.077,214.4,0.193,10.02,12.01667,1014.398,-0.01,0,97.6,9.5,-0.383,2.267,0,"013CAMPBELLCLIM50535VUE-500004413",0,8.67,9.18,-2.711,678.3,678.3,9.14,9.14,0.364,0.494
"2025-10-22 05:00:00",1289,0,0,0,0,0.085,241,0.237,9.82,11.93333,1014.448,-0.01,0,98.1,9.3,-0.383,2.25,0,"013CAMPBELLCLIM50535VUE-500004413",0,8.46,9.04,-3.482,672.3,672.3,8.71,8.71,0.364,0.494
"2025-10-22 06:00:00",1290,0.5,0.017,0,0,0.102,274,0.355,9.52,11.7,1014.498,0.001,0.3,98.6,8.9,-0.417,2.25,0.0018,"013CAMPBELLCLIM50535VUE-500004413",0,8.24,8.86,-4.199,666.3,666.3,8.37,8.37,0.363,0.494
"2025-10-22 07:00:00",1291,29.83,0.017,0,0,0.33,290.2,0.895,11.25,12.35,1014.698,0.019,1.07,94.5,11.3,-0.4,2.317,0.1074,"013CAMPBELLCLIM50535VUE-500004413",0,10.34,10.5,-4.844,660.2,660.2,8.76,8.76,0.363,0.494
"2025-10-22 08:00:00",1292,178.5,0,0,0,0.185,119.7,0.682,14.43,14,1014.598,0.107,1.854,77.6,18.7,-0.3,2.267,0.6426,"013CAMPBELLCLIM50535VUE-500004413",0,13.34,12.93,-5.383,659.7,659.7,11.43,11.42,0.363,0.494
