"TOA5","CR5000_2","CR5000","2447","CR5000.Std.07","CPU:Parcela3_final.CR5","8647","Table1"
"TIMESTAMP","RECORD","SlrFD_W_Avg","Rain_mm_Tot","Strikes_Tot","Dist_km_Avg","WS_ms_Avg","WindDir","MaxWS_ms_Avg","AirT_C_Avg","VP_mbar_Avg","BP_mbar_Avg","ETos","Rso","RH","RHT_C","TiltNS_deg_Avg","TiltWE_deg_Avg","SlrTF_MJ_Tot","CVMeta","Invalid_Wind","TT_C_Avg","SBT_C_Avg","SHF_Avg","NR_Wm2_Avg","CNR_Wm2_Avg","Temp_TC1_C_Avg","Temp_TC2_C_Avg","SWC_5CM_Avg","SWC_40CM_Avg"
"TS","RN","W/m^2","mm","count","kilometers","m/s","degrees","m/s","Deg C","mbar","mbar","Deg C","Deg C","%","Deg C","degrees","degrees","MJ/m^2","","","Deg C","Deg C","W/m^2","W/meter^2","W/m^2","Deg C","Deg C","m3/m3","m3/m3"
"","","Avg","Tot","Tot","Avg","Avg","Smp","Avg","Avg","Avg","Avg","ETsz","RSo","Smp","Smp","Avg","Avg","Tot","Smp","Smp","Avg","Avg","Avg","Avg","Avg","Avg","Avg","Avg","Avg"
"2025-11-10 09:00:00",1749,412.3,0,0,0,0.407,12.7,1.063,16.5,11.76667,1016.164,0.253,2.765,59.1,22.4,-0.233,2.3,1.4844,"013CAMPBELLCLIM50535VUE-500004413",0,18.14,17.51,-7.426,190.2,190.2,15.64,15.64,0.309,0.493
"2025-11-10 10:00:00",1750,581.3,0,0,0,0.412,89,1.335,19.2,12.25,1015.898,0.375,3.298,51.8,24.7,-0.2,2.233,2.0928,"013CAMPBELLCLIM50535VUE-500004413",0,21.93,21.46,-7.203,196.2,196.2,20.36,20.35,0.307,0.493
"2025-11-10 11:00:00",1751,712.5,0,0,0,0.583,153.9,1.893,21.5,12.15,1015.714,0.48,3.639,45.1,26,-0.15,2.217,2.565,"013CAMPBELLCLIM50535VUE-500004413",0,26.06,24.59,-6.356,197.8,197.8,24.46,24.46,0.305,0.493
"2025-11-10 12:00:00",1752,808,0,0,0,0.955,197.6,3.202,22.5,11.86667,1015.631,0.555,3.75,43.2,25.9,-0.1,2.167,2.9088,"013CAMPBELLCLIM50535VUE-500004413",0,28.87,25.39,-4.991,195.9,195.9,26.88,26.88,0.303,0.493
"2025-11-10 13:00:00",1753,845,0,0,0,0.945,154.8,3.113,23.4,11.71667,1015.481,0.584,3.622,38.2,26.8,-0.033,2.3,3.0414,"013CAMPBELLCLIM50535VUE-500004413",0,31.66,26.66,-3.102,184.3,184.3,27.85,27.84,0.302,0.493
"2025-11-10 14:00:00",1754,820,0,0,0,0.912,118.6,3.448,24.72,11.61667,1015.114,0.572,3.264,36.5,28.3,0,2.183,2.9532,"013CAMPBELLCLIM50535VUE-500004413",0,34,28,-0.737,174.6,174.6,29.12,29.12,0.3,0.493
"2025-11-10 15:00:00",1755,734.8,0,0,0,0.943,155.9,2.732,25.4,11.66667,1014.648,0.509,2.705,36.3,28.9,-0.033,2.15,2.6454,"013CAMPBELLCLIM50535VUE-500004413",0,33.73,28.62,2.024,171.9,171.9,30.58,30.58,0.298,0.493
"2025-11-10 16:00:00",1756,598.3,0,0,0,0.94,147.8,3.488,25.47,12.26667,1014.331,0.408,1.987,39.2,28.6,-0.05,2.133,2.154,"013CAMPBELLCLIM50535VUE-500004413",0,32.43,28.11,4.612,171.1,171.1,31.12,31.12,0.298,0.493
"2025-11-10 17:00:00",1757,433.7,0,0,0,1.082,165.8,3.51,24.45,12.55,1014.298,0.288,1.188,41.6,27.1,-0.117,2.233,1.5612,"013CAMPBELLCLIM50535VUE-500004413",0,29.33,26.44,6.254,165,165,30.33,30.32,0.298,0.493
"2025-11-10 18:00:00",1758,253.2,0,0,0,0.912,151.1,2.88,22.93,12.23333,1014.898,0.147,0.408,45.7,24.8,-0.15,2.167,0.9114,"013CAMPBELLCLIM50535VUE-500004413",0,25.87,24.27,6.728,154.4,154.4,28.31,28.32,0.297,0.493
"2025-11-10 19:00:00",1759,59.67,0,0,0,0.765,136.7,2.74,19.88,11.43333,1015.848,0.013,0,52.1,19.5,-0.183,2.267,0.2148,"013CAMPBELLCLIM50535VUE-500004413",0,19.04,20.1,6.374,140.5,140.5,24.54,24.54,0.296,0.493
"2025-11-10 20:00:00",1760,3.333,0,0,0,0.658,142.1,2.567,16.85,10.58333,1017.031,-0.011,0,56.4,16,-0.183,2.267,0.012,"013CAMPBELLCLIM50535VUE-500004413",0,15.27,16.37,5.509,124.4,124.4,19.97,19.97,0.295,0.493
"2025-11-10 21:00:00",1761,0,0,0,0,0.608,128.6,2.493,15.05,9.783333,1017.764,-0.015,0,56.8,14.4,-0.3,2.283,0,"013CAMPBELLCLIM50535VUE-500004413",0,13.62,14.38,4.274,130.3,130.3,16.65,16.65,0.294,0.493
"2025-11-10 22:00:00",1762,0,0,0,0,0.467,115.1,2.022,14.08,9.233334,1018.214,-0.019,0,56.8,13.5,-0.283,2.317,0,"013CAMPBELLCLIM50535VUE-500004413",0,12.51,13.32,2.843,148.9,148.9,14.53,14.53,0.292,0.492
"2025-11-10 23:00:00",1763,0,0,0,0,0.322,109.1,1.282,13.52,8.683333,1018.348,-0.024,0,57.9,12.7,-0.4,2.317,0,"013CAMPBELLCLIM50535VUE-500004413",0,11.68,12.51,1.408,160.9,160.9,13.03,13.04,0.291,0.492
"2025-11-11 00:00:00",1764,0,0,0,0,0.402,85,1.218,12.52,8.916667,1018.298,-0.021,0,67.1,11.6,-0.333,2.267,0,"013CAMPBELLCLIM50535VUE-500004413",0,10.79,11.75,0.083,185.7,185.7,11.96,11.96,0.29,0.492
"2025-11-11 01:00:00",1765,0,0,0,0,0.348,128.2,1.235,10.65,9.283333,1018.681,-0.023,0,76.5,10,-0.367,2.283,0,"013CAMPBELLCLIM50535VUE-500004413",0,9.17,9.86,-1.101,206.1,206.1,10.53,10.53,0.289,0.492
"2025-11-11 02:00:00",1766,0,0,0,0,0.185,122.7,0.652,9.72,9.549999,1018.648,-0.026,0,80,9,-0.383,2.283,0,"013CAMPBELLCLIM50535VUE-500004413",0,8.19,8.56,-2.159,232.6,232.6,9.17,9.17,0.288,0.492
"2025-11-11 03:00:00",1767,0,0,0,0,0.132,219.2,0.43,8.88,9.533333,1018.514,-0.027,0,86.2,8.1,-0.367,2.3,0,"013CAMPBELLCLIM50535VUE-500004413",0,7.442,7.641,-3.157,251.4,251.4,8.09,8.09,0.287,0.492
"2025-11-11 04:00:00",1768,0,0,0,0,0.097,312.9,0.225,8.58,9.7,1018.764,-0.027,0,88.5,8,-0.383,2.333,0,"013CAMPBELLCLIM50535VUE-500004413",0,7.532,7.378,-4.087,269.4,269.4,7.545,7.548,0.286,0.492
"2025-11-11 05:00:00",1769,0,0,0,0,0.113,231.3,0.275,7.4,9.483334,1019.114,-0.026,0,93.8,6.5,-0.433,2.283,0,"013CAMPBELLCLIM50535VUE-500004413",0,5.908,6.095,-4.923,284.4,284.4,6.616,6.615,0.285,0.492
"2025-11-11 06:00:00",1770,2.833,0,0,0,0.125,289,0.258,6.533,9.233334,1019.348,0.002,0.491,96.2,6,-0.367,2.267,0.0102,"013CAMPBELLCLIM50535VUE-500004413",0,5.638,5.356,-5.693,292.9,292.9,5.6,5.605,0.284,0.492
"2025-11-11 07:00:00",1771,34.83,0,0,0,0.2,291.6,0.633,7.8,9.983334,1019.598,0.02,1.289,90,8.2,-0.4,2.317,0.1254,"013CAMPBELLCLIM50535VUE-500004413",0,7.821,6.928,-6.437,315.4,315.4,5.746,5.746,0.283,0.492
"2025-11-11 08:00:00",1772,232,0,0,0,0.392,128.3,1.183,11.65,11.36667,1019.914,0.128,2.076,74.8,16.8,-0.283,2.267,0.8352,"013CAMPBELLCLIM50535VUE-500004413",0,11.78,11.89,-7.076,323.3,323.3,8.9,8.89,0.283,0.492
"2025-11-11 09:00:00",1773,418.3,0,0,0,0.422,349.8,1.242,15.13,11.3,1019.964,0.249,2.777,61.2,21,-0.317,2.217,1.506,"013CAMPBELLCLIM50535VUE-500004413",0,16.75,16.27,-7.423,337.8,337.8,14.44,14.43,0.282,0.492
"2025-11-11 10:00:00",1774,583.5,0,0,0,0.625,312.5,1.803,17.13,10.98333,1019.881,0.362,3.324,55,22.4,-0.15,2.283,2.1006,"013CAMPBELLCLIM50535VUE-500004413",0,20.37,19.24,-7.249,348.5,348.5,18.8,18.79,0.28,0.493
"2025-11-11 11:00:00",1775,712.2,0,0,0,0.623,121.9,2.007,19.13,11.25,1019.898,0.459,3.657,47.8,23.9,-0.267,2.267,2.5638,"013CAMPBELLCLIM50535VUE-500004413",0,24.5,21.77,-6.48,349.5,349.5,22.29,22.28,0.279,0.493
"2025-11-11 12:00:00",1776,812,0,0,0,0.662,168.1,2.74,21.07,11.05,1019.614,0.539,3.768,43.1,25.2,-0.183,2.367,2.9238,"013CAMPBELLCLIM50535VUE-500004413",0,27.93,24.73,-5.243,353.5,353.5,25.31,25.31,0.278,0.493
"2025-11-11 13:00:00",1777,849,0,0,0,0.683,128.8,2.243,22.43,11.48333,1018.964,0.572,3.632,40.8,26.6,-0.117,2.233,3.0558,"013CAMPBELLCLIM50535VUE-500004413",0,31.39,26.63,-3.505,346.8,346.8,27.01,27.01,0.277,0.492
"2025-11-11 14:00:00",1778,820,0,0,0,0.767,152.7,2.672,24.12,11.18333,1018.381,0.564,3.278,35.1,27.6,-0.05,2.167,2.9532,"013CAMPBELLCLIM50535VUE-500004413",0,33.53,28.17,-1.218,346.5,346.5,28.83,28.83,0.276,0.492
"2025-11-11 15:00:00",1779,745.2,0,0,0,0.773,176.9,2.682,24.72,10.18333,1018.131,0.505,2.733,31.8,28.4,0.017,2.183,2.6826,"013CAMPBELLCLIM50535VUE-500004413",0,33.89,28.62,1.624,336.6,336.6,30.15,30.15,0.278,0.492
"2025-11-11 16:00:00",1780,609,0,0,0,0.702,196.1,2.662,25.48,10.61667,1017.814,0.407,2.013,33.2,29.1,-0.017,2.183,2.1924,"013CAMPBELLCLIM50535VUE-500004413",0,32.17,28.65,4.335,328.2,328.2,31,31.01,0.405,0.494
"2025-11-11 17:00:00",1781,446.5,0,0,0,0.833,183.9,3.243,25.18,10.25,1017.714,0.291,1.212,31.4,28.3,-0.033,2.083,1.6074,"013CAMPBELLCLIM50535VUE-500004413",0,29.96,27.39,6.522,360.9,360.9,30.58,30.59,0.421,0.498
"2025-11-11 18:00:00",1782,269.3,0,0,0,0.783,216.2,2.667,24.47,9.7,1017.814,0.157,0.423,32.5,26.6,0,2.117,0.9696,"013CAMPBELLCLIM50535VUE-500004413",0,26.47,25.84,7,291.7,291.7,29.08,29.08,0.401,0.497
"2025-11-11 19:00:00",1783,57.67,0,0,0,0.602,237.6,1.963,22.48,9.566667,1018.264,0.01,0,37.5,21.9,-0.15,2.183,0.2076,"013CAMPBELLCLIM50535VUE-500004413",0,20.57,22.54,6.614,204.5,204.5,25.79,25.79,0.394,0.496
"2025-11-11 20:00:00",1784,3.167,0,0,0,0.307,46.4,1.043,19.72,9.766666,1018.648,-0.025,0,46.5,18.7,-0.217,2.167,0.0114,"013CAMPBELLCLIM50535VUE-500004413",0,16.8,18.71,5.796,158,158,21.65,21.66,0.389,0.496
"2025-11-11 21:00:00",1785,0,0,0,0,0.312,122.1,0.843,17.93,10.21667,1019.098,-0.025,0,52.7,16.8,-0.15,2.3,0,"013CAMPBELLCLIM50535VUE-500004413",0,15.36,16.74,4.685,112.9,112.9,18.55,18.55,0.385,0.496
"2025-11-11 22:00:00",1786,0,0,0,0,0.213,63.5,0.64,16.43,11,1019.364,-0.028,0,64,15.2,-0.233,2.267,0,"013CAMPBELLCLIM50535VUE-500004413",0,13.53,15.07,3.444,102.6,102.6,16.45,16.45,0.383,0.496
"2025-11-11 23:00:00",1787,0,0,0,0,0.102,55,0.332,14.65,11.21667,1019.448,-0.031,0,69.3,13.7,-0.3,2.25,0,"013CAMPBELLCLIM50535VUE-500004413",0,12.07,12.7,2.22,95.2,95.2,14.32,14.32,0.383,0.496
"2025-11-12 00:00:00",1788,0,0,0,0,0.138,132.5,0.402,13.47,11.35,1019.148,-0.029,0,77.4,12.7,-0.283,2.317,0,"013CAMPBELLCLIM50535VUE-500004413",0,11.51,12.01,1.019,94.9,94.9,12.83,12.83,0.382,0.496
"2025-11-12 01:00:00",1789,0,0,0,0,0.087,285.7,0.278,12.37,11.26667,1018.364,-0.029,0,78.6,11.7,-0.283,2.267,0,"013CAMPBELLCLIM50535VUE-500004413",0,10.87,11.05,-0.127,98.3,98.3,11.72,11.72,0.381,0.496
"2025-11-12 02:00:00",1790,0,0,0,0,0.095,297.5,0.293,12.25,10.88333,1017.514,-0.029,0,74.2,11.6,-0.317,2.283,0,"013CAMPBELLCLIM50535VUE-500004413",0,10.92,11.01,-1.166,99.9,99.9,11.01,11.01,0.379,0.496
"2025-11-12 03:00:00",1791,0,0,0,0,0.165,237.1,0.405,12.42,10.81667,1017.114,-0.028,0,77.6,11.6,-0.3,2.283,0,"013CAMPBELLCLIM50535VUE-500004413",0,10.41,11.44,-2.097,102.5,102.5,10.63,10.63,0.378,0.495
"2025-11-12 04:00:00",1792,0,0,0,0,0.082,224.4,0.228,10.35,10.7,1017.114,-0.028,0,89.4,9.3,-0.283,2.3,0,"013CAMPBELLCLIM50535VUE-500004413",0,8.19,8.98,-2.936,108.8,108.8,9.51,9.51,0.377,0.495
"2025-11-12 05:00:00",1793,0,0,0,0,0.11,219.3,0.238,9.05,10.45,1016.948,-0.027,0,90.6,8.4,-0.367,2.3,0,"013CAMPBELLCLIM50535VUE-500004413",0,7.647,7.551,-3.732,110.1,110.1,8.26,8.26,0.376,0.495
"2025-11-12 06:00:00",1794,3.167,0,0,0,0.078,251.6,0.185,8.37,10.26667,1016.914,0.003,0.494,95.2,7.8,-0.367,2.283,0.0114,"013CAMPBELLCLIM50535VUE-500004413",0,7.209,7.015,-4.532,105.1,105.1,7.399,7.396,0.375,0.495
"2025-11-12 07:00:00",1795,34.33,0,0,0,0.183,195.7,0.572,10.13,10.78333,1017.281,0.022,1.289,78.9,10.8,-0.3,2.317,0.1236,"013CAMPBELLCLIM50535VUE-500004413",0,9.96,8.86,-5.301,108.5,108.5,7.542,7.542,0.374,0.495
"2025-11-12 08:00:00",1796,234,0,0,0,0.277,6.8,0.785,14.77,12.1,1017.398,0.141,2.074,63.7,20.2,-0.267,2.267,0.8424,"013CAMPBELLCLIM50535VUE-500004413",0,14.1,15.28,-5.949,113.5,113.5,11.35,11.35,0.373,0.495
"2025-11-12 09:00:00",1797,413.5,0,0,0,0.478,270.1,1.208,18.18,11.85,1017.264,0.265,2.775,52.8,23.8,-0.133,2.267,1.4886,"013CAMPBELLCLIM50535VUE-500004413",0,19.25,19.25,-6.277,116.2,116.2,17.09,17.08,0.371,0.496
"2025-11-12 10:00:00",1798,585,0,0,0,0.553,276.5,1.917,20.4,11.63333,1016.914,0.389,3.32,45.4,25.5,-0.067,2.267,2.106,"013CAMPBELLCLIM50535VUE-500004413",0,23.05,22.44,-6.072,113.7,113.7,21.63,21.63,0.391,0.496
"2025-11-12 11:00:00",1799,725.2,0,0,0,0.545,29,1.637,22.88,11.5,1016.364,0.499,3.66,38.2,27.6,-0.033,2.2,2.6106,"013CAMPBELLCLIM50535VUE-500004413",0,26.55,25.77,-5.252,213,213,25.53,25.53,0.428,0.498
"2025-11-12 12:00:00",1800,813,0,0,0,0.588,158.2,1.407,25.3,11.38333,1015.998,0.578,3.77,32.6,29.6,-0.1,2.25,2.9262,"013CAMPBELLCLIM50535VUE-500004413",0,30.86,28.96,-2.962,324.9,324.9,28.78,28.78,0.433,0.499
"2025-11-12 13:00:00",1801,850,0,0,0,0.637,104.7,2.018,26.82,10.36667,1015.681,0.612,3.658,26.9,30.5,-0.1,2.267,3.0582,"013CAMPBELLCLIM50535VUE-500004413",0,33.6,31.04,0.304,341.6,341.6,30.79,30.8,0.436,0.499
"2025-11-12 14:00:00",1802,829,0,0,0,0.668,152.2,2.375,28.2,9.3,1015.331,0.6,3.315,26.1,32,-0.05,2.233,2.9838,"013CAMPBELLCLIM50535VUE-500004413",0,35.64,32.64,3.879,386.6,386.6,32.5,32.51,0.439,0.499
"2025-11-12 15:00:00",1803,751.8,0,0,0,0.772,173.2,2.933,29.02,8.9,1014.864,0.54,2.758,22.2,32.3,0.15,2.133,2.7066,"013CAMPBELLCLIM50535VUE-500004413",0,35.84,32.69,7.364,645.1,645.1,33.92,33.92,0.441,0.499
"2025-11-12 16:00:00",1804,612.3,0,0,0,0.853,159.1,3.388,29.1,9.75,1014.348,0.436,2.032,25.2,32.2,0.067,2.117,2.2044,"013CAMPBELLCLIM50535VUE-500004413",0,34.46,31.83,9.92,814,814,34.28,34.29,0.441,0.498
"2025-11-12 17:00:00",1805,453.7,0,0,0,0.722,160,2.618,29.02,9.3,1014.148,0.305,1.23,23.4,32,0,2.183,1.6332,"013CAMPBELLCLIM50535VUE-500004413",0,32.76,31.21,10.77,902,902,33.95,33.95,0.433,0.499
"2025-11-12 18:00:00",1806,272.5,0,0,0,0.71,163.8,2.24,28.17,9.8,1014.098,0.164,0.433,27.2,30.3,0.05,2.183,0.981,"013CAMPBELLCLIM50535VUE-500004413",0,29.31,29.63,10.45,907,907,32.55,32.55,0.419,0.499
"2025-11-12 19:00:00",1807,56.67,0,0,0,0.615,170,2.215,26.13,10.08333,1014.531,0.012,0,31.7,25.5,-0.05,2.183,0.204,"013CAMPBELLCLIM50535VUE-500004413",0,23.77,26.09,9.78,900,900,29.26,29.27,0.414,0.499
"2025-11-12 20:00:00",1808,3.167,0,0,0,0.293,58.2,0.88,22.9,10.31667,1015.148,-0.026,0,42.4,21.3,-0.083,2.183,0.0114,"013CAMPBELLCLIM50535VUE-500004413",0,19.04,21.78,8.83,892,892,24.97,24.97,0.41,0.497
"2025-11-12 21:00:00",1809,0,0,0,0,0.185,56.6,0.445,19.7,10.65,1015.648,-0.032,0,51.5,18.4,-0.167,2.267,0,"013CAMPBELLCLIM50535VUE-500004413",0,16.01,17.99,7.633,897,897,20.99,21,0.407,0.497
"2025-11-12 22:00:00",1810,0,0,0,0,0.17,77.8,0.533,17.53,11.06667,1015.998,-0.031,0,59.3,16.6,-0.2,2.3,0,"013CAMPBELLCLIM50535VUE-500004413",0,14.58,15.96,6.227,892,892,17.96,17.96,0.405,0.497
"2025-11-12 23:00:00",1811,0,0,0,0,0.117,102.4,0.372,15.8,10.56667,1015.798,-0.032,0,62,14.8,-0.25,2.283,0,"013CAMPBELLCLIM50535VUE-500004413",0,13.01,14.42,4.756,876,876,15.71,15.71,0.403,0.497
"2025-11-13 00:00:00",1812,0,0,0,0,0.072,330.7,0.182,14.03,10.08333,1015.298,-0.032,0,60.2,13.1,-0.283,2.267,0,"013CAMPBELLCLIM50535VUE-500004413",0,11.78,12.38,3.307,874,874,13.69,13.69,0.401,0.497
"2025-11-13 01:00:00",1813,0,0,0,0,0.167,298.6,0.607,15.1,9.333333,1014.931,-0.03,0,53,14,-0.267,2.2,0,"013CAMPBELLCLIM50535VUE-500004413",0,13.34,14.16,1.886,870,870,12.84,12.84,0.401,0.497
"2025-11-13 02:00:00",1814,0,0,0,0,0.19,134.6,0.595,15.12,9.616667,1014.398,-0.029,0,64,13.9,-0.233,2.2,0,"013CAMPBELLCLIM50535VUE-500004413",0,12.27,14.31,0.555,861,861,12.77,12.77,0.399,0.497
"2025-11-13 03:00:00",1815,0,0,0,0,0.17,285.6,0.467,13.27,9.883333,1013.998,-0.028,0,61.3,12.6,-0.3,2.233,0,"013CAMPBELLCLIM50535VUE-500004413",0,11.08,11.82,-0.603,858,858,11.64,11.64,0.398,0.497
"2025-11-13 04:00:00",1816,0,0,0,0,0.13,211.4,0.34,12.48,10.01667,1014.014,-0.029,0,76.5,11.1,-0.333,2.283,0,"013CAMPBELLCLIM50535VUE-500004413",0,9.74,11.5,-1.625,843,843,11.01,11,0.397,0.497
"2025-11-13 05:00:00",1817,0,0,0,0,0.1,205.5,0.193,10.85,9.966667,1014.031,-0.029,0,81.8,10,-0.367,2.267,0,"013CAMPBELLCLIM50535VUE-500004413",0,8.93,9.56,-2.56,839,839,9.65,9.65,0.396,0.497
"2025-11-13 06:00:00",1818,3.333,0,0,0,0.098,299.7,0.21,9.52,10,1014.131,0.004,0.501,85.3,8.8,-0.333,2.283,0.012,"013CAMPBELLCLIM50535VUE-500004413",0,8.04,8.06,-3.431,838,838,8.59,8.59,0.395,0.497
"2025-11-13 07:00:00",1819,34.17,0,0,0,0.122,302,0.328,11.23,10.56667,1014.514,0.022,1.297,73.3,11.9,-0.367,2.267,0.123,"013CAMPBELLCLIM50535VUE-500004413",0,10.64,9.78,-4.259,818,818,8.58,8.58,0.394,0.497
"2025-11-13 08:00:00",1820,238.7,0,0,0,0.183,156.5,0.63,17.17,11.93333,1014.481,0.15,2.082,52.7,22.9,-0.15,2.25,0.8592,"013CAMPBELLCLIM50535VUE-500004413",0,15.98,17.25,-4.975,808,808,12.92,12.92,0.394,0.497
"2025-11-13 09:00:00",1821,418.7,0,0,0,0.327,113.5,0.96,21.18,11.66667,1014.414,0.282,2.783,43.5,26.9,-0.117,2.267,1.5072,"013CAMPBELLCLIM50535VUE-500004413",0,21.52,22.63,-5.427,823,823,19.54,19.54,0.416,0.497
"2025-11-13 10:00:00",1822,587,0,0,0,0.445,197.6,1.252,24.33,11.68333,1014.214,0.415,3.325,36.1,29.7,-0.067,2.2,2.1132,"013CAMPBELLCLIM50535VUE-500004413",0,25.4,26.4,-5.215,893,893,24.65,24.65,0.419,0.498
"2025-11-13 11:00:00",1823,721.8,0,0,0,0.502,110.2,1.337,26.38,11.5,1013.914,0.524,3.666,32,31,-0.067,2.25,2.5986,"013CAMPBELLCLIM50535VUE-500004413",0,29.82,29.63,-3.86,868,868,28.87,28.87,0.411,0.498
"2025-11-13 12:00:00",1824,742.3,0,0,0,0.518,103.8,1.482,28.3,11,1013.564,0.554,3.783,25,32.5,0.033,2.3,2.6724,"013CAMPBELLCLIM50535VUE-500004413",0,32.19,32.08,-2.233,823,823,31.9,31.89,0.407,0.498
"2025-11-13 13:00:00",1825,575.8,0,0,0,0.653,182.6,2.028,29.07,10.45,1013.398,0.453,3.663,25.4,32.5,0.033,2.2,2.073,"013CAMPBELLCLIM50535VUE-500004413",0,33.64,32.3,-0.248,792.6,792.6,33.32,33.32,0.404,0.498
"2025-11-13 14:00:00",1826,865,0,0,0,0.77,171.9,2.815,30.57,10.55,1013.098,0.646,3.303,23.5,34,0.083,2.217,3.114,"013CAMPBELLCLIM50535VUE-500004413",0,37.32,34.44,1.946,772.7,772.7,34.66,34.66,0.402,0.498
"2025-11-13 15:00:00",1827,750.8,0,0,0,0.763,172.1,2.915,31.17,10.51667,1012.881,0.554,2.746,23.2,34.7,0.05,2.167,2.703,"013CAMPBELLCLIM50535VUE-500004413",0,37.23,34.73,4.343,758.9,758.9,36.03,36.03,0.399,0.498
"2025-11-13 16:00:00",1828,622.5,0,0,0,0.76,148,2.677,31.62,9.5,1012.364,0.451,2.046,18.7,34.9,0.15,2.167,2.241,"013CAMPBELLCLIM50535VUE-500004413",0,36.62,34.79,6.844,750.2,750.2,36.75,36.75,0.398,0.498
"2025-11-13 17:00:00",1829,432,0,0,0,0.642,11.9,2.25,31.78,9.883333,1012.214,0.293,1.237,23.5,34.7,0.1,2.167,1.5552,"013CAMPBELLCLIM50535VUE-500004413",0,34.43,34.13,8.52,725.8,725.8,36.62,36.62,0.396,0.498
"2025-11-13 18:00:00",1830,261.2,0,0,0,0.625,290,1.817,30.67,10.55,1012.298,0.155,0.441,24.3,32.8,0.083,2.183,0.9402,"013CAMPBELLCLIM50535VUE-500004413",0,31.05,31.82,9.13,665.9,665.9,34.72,34.72,0.394,0.498
"2025-11-13 19:00:00",1831,56.33,0,0,0,0.503,79.7,2.018,28.23,9.966666,1012.848,0.007,0,29.1,27.3,-0.033,2.267,0.2028,"013CAMPBELLCLIM50535VUE-500004413",0,25.03,28.15,8.93,642.8,642.8,31.35,31.35,0.393,0.498
"2025-11-13 20:00:00",1832,4,0,0,0,0.355,79.8,1.125,24.57,10.96667,1013.531,-0.023,0,39.1,23.2,-0.117,2.283,0.0144,"013CAMPBELLCLIM50535VUE-500004413",0,20.94,23.29,8.23,610.1,610.1,26.63,26.64,0.392,0.498
"2025-11-13 21:00:00",1833,0,0,0,0,0.228,52.4,0.63,21.83,12.1,1014.031,-0.03,0,49,20.6,-0.117,2.3,0,"013CAMPBELLCLIM50535VUE-500004413",0,18.17,20.2,7.179,587.2,587.2,23.02,23.03,0.391,0.498
"2025-11-13 22:00:00",1834,0,0,0,0,0.173,54,0.56,19.92,12.33333,1014.514,-0.031,0,55.6,18.8,-0.167,2.283,0,"013CAMPBELLCLIM50535VUE-500004413",0,16.52,17.92,5.922,576.5,576.5,20.2,20.21,0.39,0.498
"2025-11-13 23:00:00",1835,0,0,0,0,0.155,96.5,0.413,17.93,12.7,1014.664,-0.03,0,66.1,16.8,-0.233,2.233,0,"013CAMPBELLCLIM50535VUE-500004413",0,14.89,16.07,4.624,568.8,568.8,17.94,17.95,0.389,0.497
"2025-11-14 00:00:00",1836,0,0,0,0,0.113,74.9,0.285,16.03,12.96667,1014.264,-0.03,0,74.6,15.1,-0.217,2.25,0,"013CAMPBELLCLIM50535VUE-500004413",0,13.62,14.57,3.362,563.6,563.6,15.9,15.9,0.388,0.497
"2025-11-14 01:00:00",1837,0,0,0,0,0.072,80.2,0.188,14.7,13.1,1013.848,-0.03,0,80.1,13.9,-0.283,2.3,0,"013CAMPBELLCLIM50535VUE-500004413",0,12.74,13.18,2.161,554.2,554.2,14.24,14.24,0.388,0.497
"2025-11-14 02:00:00",1838,0,0,0,0,0.057,349.5,0.148,13.55,12.9,1013.348,-0.03,0,83.7,12.8,-0.283,2.333,0,"013CAMPBELLCLIM50535VUE-500004413",0,11.8,12,1.033,541.9,541.9,12.92,12.92,0.387,0.497
"2025-11-14 03:00:00",1839,0,0,0,0,0.058,211.2,0.145,12.7,12.51667,1013.164,-0.03,0,86.8,12.1,-0.267,2.35,0,"013CAMPBELLCLIM50535VUE-500004413",0,11.16,11.13,-0.017,535.2,535.2,11.82,11.82,0.386,0.497
"2025-11-14 04:00:00",1840,0,0,0,0,0.083,180.6,0.208,12.15,12.15,1013.064,-0.029,0,87.7,11.5,-0.317,2.233,0,"013CAMPBELLCLIM50535VUE-500004413",0,10.63,10.58,-0.99,530.6,530.6,11.02,11.02,0.385,0.497
"2025-11-14 05:00:00",1841,0,0,0,0,0.062,226.1,0.147,11.48,12.2,1013.031,-0.029,0,90.9,10.9,-0.233,2.25,0,"013CAMPBELLCLIM50535VUE-500004413",0,10.25,10.11,-1.89,524.7,524.7,10.41,10.41,0.385,0.497
"2025-11-14 06:00:00",1842,3.5,0,0,0,0.072,244.9,0.17,11.12,12.15,1013.348,0.003,0.501,93.1,10.6,-0.2,2.283,0.0126,"013CAMPBELLCLIM50535VUE-500004413",0,10.01,9.72,-2.714,501.5,501.5,9.89,9.89,0.384,0.497
"2025-11-14 07:00:00",1843,38.67,0,0,0,0.132,180.2,0.372,12.88,12.81667,1013.831,0.025,1.288,78.3,13.8,-0.3,2.25,0.1392,"013CAMPBELLCLIM50535VUE-500004413",0,12.47,11.47,-3.453,499.3,499.3,10.18,10.19,0.384,0.497
"2025-11-14 08:00:00",1844,232.3,0,0,0,0.217,54.2,0.715,18.37,14.26667,1013.781,0.151,2.066,59.5,23.9,-0.267,2.183,0.8364,"013CAMPBELLCLIM50535VUE-500004413",0,17.47,18.64,-4.068,488.2,488.2,14.52,14.52,0.383,0.498
"2025-11-14 09:00:00",1845,406.5,0,0,0,0.4,303.9,1.178,21.88,14.06667,1013.698,0.279,2.761,48.9,27.8,-0.117,2.233,1.4634,"013CAMPBELLCLIM50535VUE-500004413",0,22.64,23.42,-4.367,495.6,495.6,20.75,20.75,0.382,0.498
"2025-11-14 10:00:00",1846,566.7,0,0,0,0.588,228.6,1.623,24.58,13.73333,1013.631,0.408,3.303,41.2,29.8,0,2.25,2.04,"013CAMPBELLCLIM50535VUE-500004413",0,26.39,26.65,-4.115,511.4,511.4,25.44,25.44,0.381,0.498
"2025-11-14 11:00:00",1847,706.2,0,0,0,0.623,164.2,1.893,26.75,13.73333,1013.564,0.52,3.64,38.2,31,-0.017,2.317,2.5422,"013CAMPBELLCLIM50535VUE-500004413",0,30.29,29.51,-3.268,528.7,528.7,29.48,29.47,0.38,0.498
"2025-11-14 12:00:00",1848,807,0,0,0,0.818,130.9,2.848,27.5,13.51667,1013.531,0.6,3.752,36.7,31.1,0.05,2.217,2.9052,"013CAMPBELLCLIM50535VUE-500004413",0,32.8,30.53,-1.936,554.1,554.1,31.89,31.89,0.38,0.498
"2025-11-14 13:00:00",1849,845,0,0,0,0.908,144.4,3.797,28.55,13.41667,1013.364,0.634,3.627,32.5,31.9,0.033,2.283,3.042,"013CAMPBELLCLIM50535VUE-500004413",0,35.79,32,-0.101,582.8,582.8,33.17,33.16,0.379,0.498
"2025-11-14 14:00:00",1850,812,0,0,0,1.038,187.3,3.667,29.22,12.88333,1013.114,0.613,3.28,31.8,32.4,0.217,2.2,2.9214,"013CAMPBELLCLIM50535VUE-500004413",0,37.22,32.47,2.161,619.1,619.1,34.09,34.08,0.378,0.498
"2025-11-14 15:00:00",1851,728.2,0,0,0,1.118,156.8,3.45,29.18,13.31667,1012.881,0.544,2.724,33.1,32.3,0.033,2.317,2.6214,"013CAMPBELLCLIM50535VUE-500004413",0,36.27,32.35,4.787,644.9,644.9,34.69,34.69,0.377,0.498
"2025-11-14 16:00:00",1852,597.8,0,0,0,1.14,178.5,4.058,28.92,13.76667,1012.498,0.44,2.016,34.8,31.9,0.05,2.2,2.1522,"013CAMPBELLCLIM50535VUE-500004413",0,35.46,31.42,7.192,656.4,656.4,34.71,34.71,0.377,0.498
"2025-11-14 17:00:00",1853,437.3,0,0,0,1.033,155.7,3.582,28.35,13.8,1012.581,0.31,1.224,37.3,31,-0.033,2.117,1.5744,"013CAMPBELLCLIM50535VUE-500004413",0,33.04,30.47,8.6,658.6,658.6,33.93,33.93,0.376,0.498
"2025-11-14 18:00:00",1854,263.8,0,0,0,0.957,125.6,3.515,26.98,14.38333,1012.831,0.171,0.444,42.4,28.9,0.017,2.183,0.9498,"013CAMPBELLCLIM50535VUE-500004413",0,28.94,28.35,8.96,649.4,649.4,32.21,32.21,0.376,0.498
"2025-11-14 19:00:00",1855,61.33,0,0,0,0.867,105.1,2.66,23.55,13.63333,1013.798,0.021,0,50.2,23,-0.133,2.267,0.2208,"013CAMPBELLCLIM50535VUE-500004413",0,22.57,23.86,8.62,616.3,616.3,28.39,28.39,0.375,0.498
"2025-11-14 20:00:00",1856,4.333,0,0,0,0.785,108.3,2.795,20.17,12.4,1014.881,-0.006,0,52.9,19.5,-0.15,2.183,0.0156,"013CAMPBELLCLIM50535VUE-500004413",0,18.84,19.62,7.823,573.2,573.2,23.48,23.48,0.374,0.497
"2025-11-14 21:00:00",1857,0,0,0,0,0.703,116.9,2.688,18.4,11.83333,1015.664,-0.011,0,57.1,17.7,-0.2,2.267,0,"013CAMPBELLCLIM50535VUE-500004413",0,17,17.81,6.639,538.1,538.1,20.13,20.12,0.373,0.497
"2025-11-14 22:00:00",1858,0,0,0,0,0.418,122.6,1.595,17.35,11.65,1016.248,-0.021,0,62.2,16.7,-0.25,2.25,0,"013CAMPBELLCLIM50535VUE-500004413",0,15.78,16.45,5.238,506,506,17.89,17.89,0.373,0.497
"2025-11-14 23:00:00",1859,0,0,0,0,0.32,99.4,1.293,15.98,12.03333,1016.631,-0.024,0,69.9,15.2,-0.233,2.3,0,"013CAMPBELLCLIM50535VUE-500004413",0,14.32,14.88,3.823,483.2,483.2,16.13,16.13,0.372,0.497
"2025-11-15 00:00:00",1860,0,0,0,0,0.267,90.7,1.005,14.72,12.35,1016.331,-0.026,0,76.7,14,-0.3,2.317,0,"013CAMPBELLCLIM50535VUE-500004413",0,13.29,13.53,2.526,464.6,464.6,14.59,14.59,0.371,0.497
"2025-11-15 01:00:00",1861,0,0,0,0,0.112,129.8,0.437,13.42,12.38333,1015.814,-0.029,0,83,12.5,-0.317,2.3,0,"013CAMPBELLCLIM50535VUE-500004413",0,11.68,11.8,1.332,448.3,448.3,13.16,13.16,0.37,0.497
"2025-11-15 02:00:00",1862,0,0,0,0,0.11,34.9,0.315,12.33,12.26667,1015.214,-0.028,0,87.2,11.7,-0.367,2.283,0,"013CAMPBELLCLIM50535VUE-500004413",0,11,10.51,0.236,440.2,440.2,11.8,11.8,0.37,0.497
"2025-11-15 03:00:00",1863,0,0,0,0,0.115,70.7,0.322,11.75,12.16667,1014.881,-0.028,0,88.6,11.1,-0.367,2.283,0,"013CAMPBELLCLIM50535VUE-500004413",0,10.59,10.05,-0.798,428.9,428.9,10.86,10.86,0.369,0.497
"2025-11-15 04:00:00",1864,0,0,0,0,0.217,114.1,0.712,11.38,12.23333,1014.831,-0.026,0,92.8,10.8,-0.333,2.283,0,"013CAMPBELLCLIM50535VUE-500004413",0,10.3,10.11,-1.741,427.6,427.6,10.4,10.4,0.368,0.497
"2025-11-15 05:00:00",1865,0,0,0,0,0.25,155.2,0.862,10.48,12.05,1014.998,-0.025,0,96.7,10.3,-0.333,2.267,0,"013CAMPBELLCLIM50535VUE-500004413",0,10.31,9.71,-2.59,419.8,419.8,9.93,9.92,0.368,0.497
"2025-11-15 06:00:00",1866,1.833,0,0,0,0.253,180.7,0.838,10.88,12.6,1015.381,0.002,0.505,96.2,11.2,-0.433,2.25,0.0066,"013CAMPBELLCLIM50535VUE-500004413",0,11.61,10.61,-3.33,403.4,403.4,10.39,10.4,0.367,0.497
"2025-11-15 07:00:00",1867,35.67,0,0,0,0.293,160.1,0.953,11.45,12.76667,1015.748,0.022,1.294,93.7,12.2,-0.333,2.333,0.1284,"013CAMPBELLCLIM50535VUE-500004413",0,12.53,11.51,-3.899,417.1,417.1,11.12,11.12,0.367,0.497
"2025-11-15 08:00:00",1868,100.7,0,0,0,0.45,186.4,1.395,12.17,13.06667,1015.964,0.062,2.082,91.7,13.6,-0.267,2.3,0.3624,"013CAMPBELLCLIM50535VUE-500004413",0,14.2,13.03,-4.277,412.2,412.2,12.37,12.37,0.366,0.497
"2025-11-15 09:00:00",1869,405.3,0,0,0,0.555,182.2,1.532,14.38,13.98333,1015.831,0.233,2.767,79.5,19.7,-0.133,2.3,1.4592,"013CAMPBELLCLIM50535VUE-500004413",0,18.27,16.24,-4.455,401.8,401.8,15.58,15.57,0.366,0.498
"2025-11-15 10:00:00",1870,562.5,0,0,0,0.722,177.5,2.28,16.8,14.01667,1015.981,0.343,3.304,70.5,21.7,-0.283,2.183,2.025,"013CAMPBELLCLIM50535VUE-500004413",0,21.16,19.27,-4.341,397.3,397.3,19.57,19.56,0.365,0.498
"2025-11-15 11:00:00",1871,703.3,0,0,0,0.822,157.2,2.337,18.47,14.08333,1016.148,0.443,3.64,64.3,23.2,-0.2,2.283,2.532,"013CAMPBELLCLIM50535VUE-500004413",0,23.75,21.13,-3.83,402,402,22.6,22.6,0.364,0.497
"2025-11-15 12:00:00",1872,798.5,0,0,0,0.878,179.1,2.925,20.27,14.26667,1015.831,0.52,3.748,57.1,24.4,-0.183,2.233,2.8746,"013CAMPBELLCLIM50535VUE-500004413",0,27.09,23.26,-2.972,402.8,402.8,25.14,25.14,0.363,0.497
"2025-11-15 13:00:00",1873,837,0,0,0,0.985,166.8,3.37,21.92,14.35,1015.381,0.56,3.621,52.8,25.6,-0.033,2.233,3.012,"013CAMPBELLCLIM50535VUE-500004413",0,30.47,25.42,-1.7,400.3,400.3,26.77,26.77,0.363,0.497
"2025-11-15 14:00:00",1874,819,0,0,0,1.013,174.1,3.237,24.48,13.88333,1014.764,0.571,3.276,41.7,28.4,-0.167,2.183,2.949,"013CAMPBELLCLIM50535VUE-500004413",0,33.53,28.03,0.09,405,405,28.66,28.66,0.362,0.497
"2025-11-15 15:00:00",1875,746.2,0,0,0,1.073,159.3,3.852,25.62,13.56667,1014.248,0.522,2.729,42.2,29,-0.067,2.183,2.6862,"013CAMPBELLCLIM50535VUE-500004413",0,34.18,28.88,2.37,404.4,404.4,30.6,30.6,0.362,0.497
"2025-11-15 16:00:00",1876,596.2,0,0,0,1.087,150.7,3.91,26.2,13.08333,1013.781,0.417,2.031,34.7,29.4,-0.067,2.2,2.1462,"013CAMPBELLCLIM50535VUE-500004413",0,33.04,28.86,4.555,395.8,395.8,31.57,31.57,0.361,0.497
"2025-11-15 17:00:00",1877,459.5,0,0,0,1.095,160.2,3.417,25.78,10.91667,1013.531,0.315,1.252,31.5,28.6,-0.25,2.117,1.6542,"013CAMPBELLCLIM50535VUE-500004413",0,30.96,27.97,5.886,376.7,376.7,31.22,31.22,0.361,0.497
"2025-11-15 18:00:00",1878,280,0,0,0,0.982,146.3,3.538,25.15,10.76667,1013.631,0.177,0.461,36.6,27.3,-0.133,2.167,1.008,"013CAMPBELLCLIM50535VUE-500004413",0,27.7,26.53,6.236,338.3,338.3,29.85,29.85,0.36,0.497
"2025-11-15 19:00:00",1879,60.33,0,0,0,0.803,140.6,2.743,22.7,12.15,1014.231,0.018,0,47.1,22.2,-0.083,2.233,0.2172,"013CAMPBELLCLIM50535VUE-500004413",0,21.48,22.87,5.897,282.2,282.2,26.66,26.66,0.36,0.497
"2025-11-15 20:00:00",1880,4.333,0,0,0,0.557,129.7,1.782,20.03,12.28333,1015.048,-0.014,0,55.8,19.1,-0.133,2.267,0.0156,"013CAMPBELLCLIM50535VUE-500004413",0,18.35,19.27,5.183,238.6,238.6,22.44,22.44,0.358,0.497
"2025-11-15 21:00:00",1881,0,0,0,0,0.538,112.7,1.832,17.52,12.21667,1016.348,-0.017,0,64.3,16.6,-0.283,2.217,0,"013CAMPBELLCLIM50535VUE-500004413",0,15.96,16.74,4.225,174.5,174.5,19.23,19.23,0.357,0.497
"2025-11-15 22:00:00",1882,0,0,0,0,0.577,119.5,1.888,16.37,12.15,1016.931,-0.017,0,68.4,15.8,-0.25,2.217,0,"013CAMPBELLCLIM50535VUE-500004413",0,15.27,15.59,3.129,137.7,137.7,16.89,16.89,0.357,0.497
"2025-11-15 23:00:00",1883,0,0,0,0,0.41,138.9,1.487,15.13,12.26667,1017.364,-0.022,0,73.8,14.5,-0.267,2.333,0,"013CAMPBELLCLIM50535VUE-500004413",0,14.06,14.34,2.003,120.1,120.1,15.36,15.36,0.356,0.497
"2025-11-16 00:00:00",1884,0,0,0,0,0.285,146.6,1.158,14.83,12.38333,1017.081,-0.025,0,74.1,14.6,-0.3,2.283,0,"013CAMPBELLCLIM50535VUE-500004413",0,14.4,14.04,0.929,110.7,110.7,14.58,14.58,0.355,0.497
"2025-11-16 01:00:00",1885,0,0,0,0,0.283,67.5,0.937,14.63,12.4,1016.648,-0.025,0,74.7,14.3,-0.35,2.25,0,"013CAMPBELLCLIM50535VUE-500004413",0,14.02,13.85,-0.034,96.5,96.5,14.21,14.22,0.354,0.497
"2025-11-16 02:00:00",1886,0,0,0,0,0.168,170.4,0.755,14.38,12.36667,1016.231,-0.028,0,76.3,14,-0.317,2.317,0,"013CAMPBELLCLIM50535VUE-500004413",0,13.81,13.55,-0.841,83.2,83.2,13.9,13.9,0.354,0.497
"2025-11-16 03:00:00",1887,0,0,0,0,0.232,119.9,0.778,14.38,12.38333,1016.398,-0.027,0,75.6,14.1,-0.3,2.233,0,"013CAMPBELLCLIM50535VUE-500004413",0,13.9,13.52,-1.535,83.8,83.8,13.67,13.67,0.353,0.497
"2025-11-16 04:00:00",1888,0,0,0,0,0.185,193.1,0.65,14.3,12.48333,1016.698,-0.028,0,78.3,14.1,-0.333,2.267,0,"013CAMPBELLCLIM50535VUE-500004413",0,13.84,13.61,-2.135,87.5,87.5,13.75,13.75,0.352,0.497
"2025-11-16 05:00:00",1889,0,0,0,0,0.227,169.3,0.658,14.47,12.48333,1017.031,-0.027,0,78.3,14.3,-0.35,2.3,0,"013CAMPBELLCLIM50535VUE-500004413",0,14.11,13.84,-2.64,79.41,79.41,13.85,13.85,0.352,0.497
"2025-11-16 06:00:00",1890,2.833,0,0,0,0.437,291.7,1.355,14.67,12.61667,1016.864,0.01,0.51,75.5,14.6,-0.283,2.283,0.0102,"013CAMPBELLCLIM50535VUE-500004413",0,14.12,14.01,-3.065,75.87,75.87,13.9,13.9,0.351,0.497
"2025-11-16 07:00:00",1891,46.83,0,0,0,0.295,182.5,0.853,14.78,12.73333,1017.731,0.035,1.299,77.6,15.3,-0.233,2.283,0.1686,"013CAMPBELLCLIM50535VUE-500004413",0,14.57,14.61,-3.407,67.33,67.33,14.21,14.21,0.351,0.497
"2025-11-16 08:00:00",1892,211.3,0,0,0,0.48,157.3,1.483,16.43,13.6,1018.048,0.136,2.081,68.4,20.8,-0.217,2.217,0.7608,"013CAMPBELLCLIM50535VUE-500004413",0,16.58,16.77,-3.677,70.6,70.6,15.96,15.96,0.35,0.497
"2025-11-16 09:00:00",1893,406.8,0,0,0,0.482,306.5,1.362,19.03,14.08333,1017.564,0.265,2.769,59.7,24.9,-0.033,2.25,1.4646,"013CAMPBELLCLIM50535VUE-500004413",0,20.88,20.54,-3.791,63.21,63.21,20.06,20.05,0.35,0.497
"2025-11-16 10:00:00",1894,576.3,0,0,0,0.622,29.5,1.667,21.3,14.35,1017.048,0.389,3.305,53.8,26.5,-0.183,2.25,2.0748,"013CAMPBELLCLIM50535VUE-500004413",0,24.04,23.43,-3.541,65.38,65.38,23.69,23.68,0.348,0.497
"2025-11-16 11:00:00",1895,720,0,0,0,0.733,120.8,2.477,23.48,14.61667,1016.914,0.503,3.638,48.9,28.3,-0.1,2.267,2.592,"013CAMPBELLCLIM50535VUE-500004413",0,27.83,26.47,-2.865,79.35,79.35,27.09,27.09,0.347,0.497
"2025-11-16 12:00:00",1896,818,0,0,0,0.835,145.8,2.948,25.37,14.61667,1016.764,0.586,3.749,42.9,29.6,-0.05,2.3,2.943,"013CAMPBELLCLIM50535VUE-500004413",0,31.51,29,-1.79,83.8,83.8,29.82,29.82,0.346,0.497
"2025-11-16 13:00:00",1897,858,0,0,0,0.907,175,3.072,26.58,13.68333,1016.664,0.624,3.636,37.4,30,-0.033,2.25,3.0894,"013CAMPBELLCLIM50535VUE-500004413",0,33.85,30.2,-0.234,80.8,80.8,31.53,31.53,0.345,0.497
"2025-11-16 14:00:00",1898,838,0,0,0,0.962,119,3.095,27.73,12.7,1016.498,0.614,3.3,32.5,31.2,0.033,2.167,3.0162,"013CAMPBELLCLIM50535VUE-500004413",0,35.95,31.31,1.757,68.28,68.28,32.68,32.68,0.344,0.497
"2025-11-16 15:00:00",1899,756.7,0,0,0,1.053,137.5,3.207,27.93,12.6,1016.864,0.549,2.751,33,31.2,0.017,2.217,2.724,"013CAMPBELLCLIM50535VUE-500004413",0,35.96,31.12,4.032,47.06,47.06,33.72,33.72,0.344,0.497
"2025-11-16 16:00:00",1900,622.7,0,0,0,0.935,142.8,3.485,27.97,11.61667,1016.731,0.443,2.056,30.4,31.5,-0.05,2.2,2.2416,"013CAMPBELLCLIM50535VUE-500004413",0,35.16,31.07,6.092,30.14,30.14,33.92,33.93,0.344,0.497
"2025-11-16 17:00:00",1901,461.5,0,0,0,0.843,188.8,2.818,28.02,11.96667,1016.514,0.317,1.256,30.2,31.2,0.05,2.183,1.6614,"013CAMPBELLCLIM50535VUE-500004413",0,32.88,30.34,7.292,-28.79,-28.79,33.52,33.52,0.345,0.497
"2025-11-16 18:00:00",1902,286.5,0,0,0,0.753,201.9,2.497,27.58,12.28333,1016.864,0.179,0.468,37,30,-0.067,2.167,1.0314,"013CAMPBELLCLIM50535VUE-500004413",0,29.76,29.03,7.66,-90.8,-90.8,32.26,32.26,0.344,0.497
"2025-11-16 19:00:00",1903,63.83,0,0,0,0.742,136.5,2.603,25.25,13.36667,1017.414,0.02,0,44.3,24.8,-0.133,2.25,0.2298,"013CAMPBELLCLIM50535VUE-500004413",0,23.98,25.38,7.419,-150.9,-150.9,29.17,29.17,0.343,0.497
"2025-11-16 20:00:00",1904,4.833,0,0,0,0.415,75.9,1.217,22.37,12.86667,1018.214,-0.019,0,50,21.5,-0.067,2.283,0.0174,"013CAMPBELLCLIM50535VUE-500004413",0,20.46,21.42,6.79,-202.5,-202.5,24.91,24.91,0.343,0.496
"2025-11-16 21:00:00",1905,0,0,0,0,0.367,120.5,1.245,20.93,12.56667,1018.698,-0.023,0,51.8,20.2,-0.1,2.3,0,"013CAMPBELLCLIM50535VUE-500004413",0,19.08,19.75,5.853,-220.1,-220.1,21.78,21.78,0.342,0.496
"2025-11-16 22:00:00",1906,0,0,0,0,0.32,114.5,1.033,19.77,12.6,1019.164,-0.025,0,59.1,18.8,-0.117,2.283,0,"013CAMPBELLCLIM50535VUE-500004413",0,17.73,18.65,4.747,-224,-224,19.89,19.89,0.341,0.496
"2025-11-16 23:00:00",1907,0,0,0,0,0.123,35.6,0.36,17.13,13.15,1019.414,-0.031,0,70.9,16.1,-0.25,2.317,0,"013CAMPBELLCLIM50535VUE-500004413",0,14.79,15.53,3.652,-222.1,-222.1,17.66,17.66,0.34,0.496
"2025-11-17 00:00:00",1908,0,0,0,0,0.073,61.8,0.21,15.2,12.9,1019.314,-0.031,0,76,14.4,-0.233,2.283,0,"013CAMPBELLCLIM50535VUE-500004413",0,13.52,13.31,2.567,-194.7,-194.7,15.42,15.41,0.357,0.496
"2025-11-17 01:00:00",1909,0,0,0,0,0.102,286.2,0.25,14.53,12.48333,1019.048,-0.03,0,67.8,14,-0.383,2.267,0,"013CAMPBELLCLIM50535VUE-500004413",0,13.51,12.59,1.352,-231.2,-231.2,13.88,13.88,0.435,0.498
"2025-11-17 02:00:00",1910,0,0,0,0,0.128,233.7,0.38,15.28,12.2,1018.464,-0.03,0,75.9,14.6,-0.317,2.3,0,"013CAMPBELLCLIM50535VUE-500004413",0,13.71,14.23,-0.116,-282.1,-282.1,13.46,13.45,0.44,0.5
"2025-11-17 03:00:00",1911,0,0,0,0,0.092,299.5,0.233,13.6,12.4,1017.848,-0.03,0,81.5,12.7,-0.35,2.3,0,"013CAMPBELLCLIM50535VUE-500004413",0,11.85,12.15,-1.387,26.7,26.7,12.68,12.68,0.435,0.5
"2025-11-17 04:00:00",1912,0,0,0,0,0.152,290.1,0.45,13.42,12.05,1017.298,-0.028,0,75.9,12.9,-0.333,2.317,0,"013CAMPBELLCLIM50535VUE-500004413",0,12.23,11.94,-2.037,183.4,183.4,11.82,11.82,0.417,0.5
"2025-11-17 05:00:00",1913,0,0,0,0,0.102,214.4,0.252,12.5,12.28333,1017.048,-0.029,0,87.3,11.6,-0.3,2.283,0,"013CAMPBELLCLIM50535VUE-500004413",0,10.79,11.23,-2.601,206.8,206.8,11.34,11.33,0.41,0.5
"2025-11-17 06:00:00",1914,4.667,0,0,0,0.113,92.9,0.277,11.33,12.05,1016.714,0.004,0.516,91,10.8,-0.383,2.283,0.0168,"013CAMPBELLCLIM50535VUE-500004413",0,10.32,9.82,-3.244,197,197,10.46,10.46,0.406,0.499
"2025-11-17 07:00:00",1915,44.83,0,0,0,0.113,206.1,0.355,12.73,12.76667,1016.781,0.029,1.303,78.7,13.7,-0.317,2.3,0.1614,"013CAMPBELLCLIM50535VUE-500004413",0,12.73,11.22,-3.896,182.6,182.6,10.61,10.61,0.404,0.499
"2025-11-17 08:00:00",1916,243.3,0,0,0,0.215,36.1,0.688,18.45,14.03333,1016.298,0.157,2.081,59,24.1,-0.117,2.183,0.876,"013CAMPBELLCLIM50535VUE-500004413",0,17.51,18.83,-4.455,169.7,169.7,15,15,0.402,0.499
